1.89999	7.8149
1.89982	7.82146
1.89966	7.82753
1.8995	8.09001
1.89934	8.47836
1.89918	9.87443
1.89902	9.26428
1.89886	9.04606
1.8987	9.6954
1.89854	9.4682
1.89838	8.9897
1.89821	9.1423
1.89805	9.55304
1.89789	9.70005
1.89773	8.95052
1.89757	9.21794
1.89741	9.6114
1.89725	9.87601
1.89709	9.6261
1.89693	9.25764
1.89677	10.154
1.89661	9.29025
1.89645	9.30656
1.89629	9.19961
1.89613	9.85171
1.89597	9.23547
1.89581	9.37988
1.89565	9.26991
1.89549	9.03078
1.89533	8.78985
1.89516	9.05706
1.895	8.94183
1.89484	10.3483
1.89468	9.72507
1.89452	9.98822
1.89436	8.98491
1.8942	10.7647
1.89404	8.50027
1.89388	10.9135
1.89372	9.53931
1.89356	10.4411
1.8934	8.94267
1.89324	8.83397
1.89308	8.7286
1.89292	10.271
1.89276	9.4095
1.8926	8.92527
1.89244	10.0918
1.89228	9.98554
1.89212	10.9041
1.89196	10.0396
1.89181	10.577
1.89165	10.4772
1.89149	9.35372
1.89133	9.63643
1.89117	10.4322
1.89101	9.42775
1.89085	9.70887
1.89069	11.0197
1.89053	10.7859
1.89037	9.13151
1.89021	9.79723
1.89005	11.7527
1.88989	9.31723
1.88973	10.366
1.88957	10.2551
1.88941	9.49791
1.88925	9.9049
1.88909	9.92198
1.88894	10.1988
1.88878	9.9534
1.88862	10.2234
1.88846	10.2261
1.8883	10.1039
1.88814	11.0122
1.88798	10.5003
1.88782	9.73094
1.88766	11.4069
1.8875	11.28
1.88734	11.6659
1.88719	11.0277
1.88703	10.0081
1.88687	11.0339
1.88671	11.4209
1.88655	10.1493
1.88639	10.5367
1.88623	11.307
1.88607	10.422
1.88592	11.1921
1.88576	10.3116
1.8856	10.0667
1.88544	11.5994
1.88528	10.9766
1.88512	10.7334
1.88496	10.9971
1.88481	9.99746
1.88465	11.4044
1.88449	10.2802
1.88433	10.8025
1.88417	10.3135
1.88401	10.334
1.88385	11.4984
1.8837	10.377
1.88354	10.6513
1.88338	10.2909
1.88322	10.1823
1.88306	11.2201
1.88291	10.855
1.88275	11.382
1.88259	11.6537
1.88243	10.5243
1.88227	11.1811
1.88211	12.0955
1.88196	11.7368
1.8818	11.7613
1.88164	11.147
1.88148	11.0443
1.88132	11.5843
1.88117	10.8411
1.88101	10.997
1.88085	10.6392
1.88069	10.7962
1.88054	10.9545
1.88038	11.5011
1.88022	10.753
1.88006	11.4285
1.8799	11.7177
1.87975	10.7046
1.87959	10.8635
1.87943	10.6323
1.87927	9.61251
1.87912	11.7302
1.87896	11.7528
1.8788	10.8545
1.87864	10.2164
1.87849	11.5439
1.87833	11.4244
1.87817	12.6158
1.87801	11.1853
1.87786	12.7676
1.8777	11.7267
1.87754	11.3367
1.87739	11.5979
1.87723	11.7294
1.87707	11.5997
1.87691	11.8579
1.87676	10.6878
1.8766	10.1704
1.87644	13.4001
1.87629	11.7136
1.87613	11.1878
1.87597	12.8442
1.87581	11.9298
1.87566	10.639
1.8755	12.6608
1.87534	11.3801
1.87519	10.9914
1.87503	11.3617
1.87487	11.3543
1.87472	11.0979
1.87456	12.5954
1.8744	11.9639
1.87425	11.0859
1.87409	11.83
1.87393	10.089
1.87378	11.3309
1.87362	10.9625
1.87346	10.2238
1.87331	11.8333
1.87315	12.2059
1.87299	11.4709
1.87284	11.8458
1.87268	12.2194
1.87252	11.368
1.87237	11.3819
1.87221	10.6617
1.87206	11.4201
1.8719	12.0573
1.87174	10.8508
1.87159	11.6186
1.87143	11.7725
1.87127	12.1787
1.87112	11.9687
1.87096	12.132
1.87081	11.4215
1.87065	12.0848
1.87049	11.3706
1.87034	12.2869
1.87018	11.6914
1.87003	12.4835
1.86987	12.9001
1.86971	11.669
1.86956	12.8511
1.8694	13.1458
1.86925	12.4181
1.86909	11.8148
1.86893	12.3647
1.86878	11.8863
1.86862	12.7001
1.86847	13.3879
1.86831	12.2581
1.86816	11.9008
1.868	12.9717
1.86784	12.6085
1.86769	13.6762
1.86753	12.6519
1.86738	12.5365
1.86722	12.4224
1.86707	13.2197
1.86691	12.3168
1.86676	13.8883
1.8666	13.2371
1.86645	11.9356
1.86629	11.2886
1.86613	11.9445
1.86598	12.5981
1.86582	12.4688
1.86567	12.3373
1.86551	13.2371
1.86536	12.0711
1.8652	12.9597
1.86505	12.8165
1.86489	12.289
1.86474	11.8903
1.86458	13.2671
1.86443	13.127
1.86427	12.8622
1.86412	13.3495
1.86396	13.5849
1.86381	12.6974
1.86365	12.9358
1.8635	12.3073
1.86334	13.2927
1.86319	12.5445
1.86303	13.2815
1.86288	12.4173
1.86272	12.1715
1.86257	12.9102
1.86241	12.5425
1.86226	11.5658
1.86211	12.5547
1.86195	12.6918
1.8618	12.7117
1.86164	13.3473
1.86149	13.3742
1.86133	12.296
1.86118	12.4482
1.86102	12.851
1.86087	13.8764
1.86071	12.8002
1.86056	13.583
1.86041	12.6262
1.86025	12.4144
1.8601	13.4525
1.85994	12.4853
1.85979	13.0221
1.85963	12.8008
1.85948	12.7036
1.85933	12.8558
1.85917	12.6267
1.85902	13.7877
1.85886	13.4271
1.85871	14.0773
1.85856	12.0662
1.8584	13.4741
1.85825	14.7543
1.85809	13.503
1.85794	12.7586
1.85779	13.0289
1.85763	14.0586
1.85748	14.4554
1.85732	13.8388
1.85717	12.9655
1.85702	13.4861
1.85686	14.1369
1.85671	13.1391
1.85655	13.9151
1.8564	14.4379
1.85625	15.5946
1.85609	13.3252
1.85594	14.605
1.85579	12.3313
1.85563	13.4768
1.85548	13.7344
1.85533	12.7286
1.85517	14.3745
1.85502	14.2537
1.85487	13.3773
1.85471	14.2654
1.85456	15.1521
1.85441	12.8974
1.85425	12.6552
1.8541	13.6675
1.85395	14.3015
1.85379	14.309
1.85364	13.6927
1.85349	14.2064
1.85333	15.348
1.85318	13.7332
1.85303	13.8715
1.85287	13.5101
1.85272	13.0223
1.85257	14.6597
1.85241	13.4175
1.85226	15.2978
1.85211	14.0528
1.85196	13.4324
1.8518	12.9379
1.85165	14.8047
1.8515	13.3128
1.85134	14.1787
1.85119	14.4226
1.85104	15.1605
1.85089	14.0463
1.85073	13.5516
1.85058	13.7965
1.85043	13.5525
1.85028	15.639
1.85012	15.0318
1.84997	14.0644
1.84982	13.7117
1.84966	12.6254
1.84951	14.2325
1.84936	13.7608
1.84921	14.6388
1.84905	15.3973
1.8489	12.8477
1.84875	14.8407
1.8486	14.8707
1.84845	14.1625
1.84829	14.4406
1.84814	14.721
1.84799	14.2586
1.84784	15.0334
1.84768	16.4335
1.84753	14.1007
1.84738	14.3793
1.84723	14.2802
1.84708	14.5598
1.84692	15.2176
1.84677	15.1242
1.84662	13.6471
1.84647	14.5592
1.84632	13.8315
1.84616	14.4926
1.84601	14.9021
1.84586	15.3134
1.84571	15.2169
1.84556	15.2459
1.8454	14.6361
1.84525	14.1509
1.8451	15.0673
1.84495	14.8326
1.8448	14.8514
1.84464	13.8469
1.84449	15.1407
1.84434	15.5409
1.84419	14.9183
1.84404	15.4448
1.84389	15.4572
1.84373	15.3402
1.84358	15.6082
1.84343	13.9611
1.84328	15.2513
1.84313	14.7528
1.84298	14.5081
1.84283	14.6467
1.84267	15.5484
1.84252	13.5168
1.84237	15.3043
1.84222	14.544
1.84207	14.2912
1.84192	15.434
1.84177	14.8005
1.84162	15.4324
1.84146	15.1786
1.84131	15.5544
1.84116	14.4174
1.84101	16.0503
1.84086	16.6795
1.84071	15.4234
1.84056	15.6714
1.84041	16.7791
1.84026	15.5156
1.84011	15.6234
1.83995	15.3607
1.8398	14.7392
1.83965	16.0882
1.8395	15.102
1.83935	14.6141
1.8392	15.3614
1.83905	13.8973
1.8389	15.126
1.83875	14.6435
1.8386	15.7483
1.83845	14.2918
1.8383	14.7892
1.83815	16.2608
1.83799	15.7841
1.83784	15.3094
1.83769	14.9589
1.83754	15.2192
1.83739	14.6264
1.83724	15.25
1.83709	16.1187
1.83694	15.8944
1.83679	16.038
1.83664	15.9377
1.83649	15.1056
1.83634	15.3736
1.83619	15.2741
1.83604	15.4194
1.83589	16.6697
1.83574	16.9423
1.83559	16.3559
1.83544	15.8925
1.83529	16.6599
1.83514	16.1954
1.83499	16.7227
1.83484	15.6439
1.83469	15.4292
1.83454	15.7087
1.83439	16.1122
1.83424	15.2728
1.83409	15.56
1.83394	16.7272
1.83379	15.8805
1.83364	17.5436
1.83349	16.3112
1.83334	16.21
1.83319	15.9787
1.83304	15.9958
1.83289	15.6314
1.83274	16.6525
1.83259	15.5378
1.83244	15.185
1.83229	16.8586
1.83214	16.1229
1.83199	16.3979
1.83184	17.0525
1.83169	17.0717
1.83154	17.0912
1.83139	15.4566
1.83124	16.1074
1.83109	18.0237
1.83094	16.8875
1.8308	17.2704
1.83065	17.1503
1.8305	17.5343
1.83035	16.0202
1.8302	17.9177
1.83005	15.6519
1.8299	16.0363
1.82975	16.1645
1.8296	16.5458
1.82945	16.4281
1.8293	16.9454
1.82915	17.3379
1.829	17.4829
1.82886	15.617
1.82871	17.5167
1.82856	16.3784
1.82841	16.4898
1.82826	17.8818
1.82811	16.2614
1.82796	17.3922
1.82781	17.5225
1.82766	16.1572
1.82751	17.2836
1.82737	17.0444
1.82722	16.3119
1.82707	18.0705
1.82692	17.962
1.82677	16.6093
1.82662	17.0017
1.82647	17.8968
1.82632	17.2947
1.82618	16.5686
1.82603	17.338
1.82588	17.8474
1.82573	18.6045
1.82558	17.1133
1.82543	16.7424
1.82528	16.3669
1.82514	17.11
1.82499	18.2267
1.82484	16.9943
1.82469	16.8809
1.82454	16.8921
1.82439	17.6491
1.82425	18.1672
1.8241	17.0715
1.82395	17.7104
1.8238	16.4865
1.82365	17.8662
1.8235	18.2529
1.82336	16.5335
1.82321	17.4202
1.82306	17.6858
1.82291	16.5838
1.82276	18.4569
1.82262	18.8368
1.82247	18.229
1.82232	16.7537
1.82217	17.3867
1.82202	17.2735
1.82188	17.899
1.82173	17.6533
1.82158	17.7779
1.82143	19.1356
1.82129	18.1476
1.82114	18.1455
1.82099	18.757
1.82084	17.0369
1.82069	18.0187
1.82055	17.2882
1.8204	18.7593
1.82025	17.6633
1.8201	19.9866
1.81996	16.5791
1.81981	17.56
1.81966	18.1775
1.81951	17.2163
1.81937	18.3241
1.81922	17.977
1.81907	16.9023
1.81892	17.534
1.81878	18.0471
1.81863	17.4663
1.81848	18.4784
1.81833	18.2707
1.81819	17.5751
1.81804	18.6072
1.81789	18.9039
1.81774	18.2111
1.8176	17.3909
1.81745	18.4447
1.8173	18.6275
1.81716	18.053
1.81701	17.7246
1.81686	19.6755
1.81671	19.0888
1.81657	18.2406
1.81642	17.6409
1.81627	20.1154
1.81613	19.3792
1.81598	17.8651
1.81583	19.3105
1.81569	19.2087
1.81554	19.237
1.81539	18.4853
1.81525	18.6324
1.8151	19.8099
1.81495	18.4
1.8148	19.9647
1.81466	19.9771
1.81451	18.8177
1.81436	18.427
1.81422	20.2183
1.81407	18.9156
1.81392	20.0429
1.81378	18.6114
1.81363	19.47
1.81349	18.9281
1.81334	17.6383
1.81319	19.6108
1.81305	18.0812
1.8129	19.0455
1.81275	19.2589
1.81261	19.1049
1.81246	17.8558
1.81231	18.0848
1.81217	19.4071
1.81202	18.0571
1.81187	19.8678
1.81173	17.8033
1.81158	19.2497
1.81144	18.7685
1.81129	18.7742
1.81114	18.9011
1.811	19.1483
1.81085	20.362
1.81071	19.061
1.81056	19.5691
1.81041	19.2404
1.81027	19.6394
1.81012	20.2849
1.80998	18.7487
1.80983	19.2778
1.80968	20.0593
1.80954	19.8617
1.80939	18.3085
1.80925	20.0672
1.8091	19.6096
1.80895	19.8876
1.80881	19.1716
1.80866	19.3102
1.80852	19.9446
1.80837	19.9608
1.80823	19.2394
1.80808	20.129
1.80793	21.2693
1.80779	21.1691
1.80764	19.4537
1.8075	19.9706
1.80735	20.1162
1.80721	19.1425
1.80706	20.4036
1.80692	19.672
1.80677	20.8024
1.80663	20.1905
1.80648	20.6957
1.80633	20.4562
1.80619	20.958
1.80604	21.7055
1.8059	19.3564
1.80575	20.3487
1.80561	20.8445
1.80546	21.3408
1.80532	19.8638
1.80517	21.2196
1.80503	19.1271
1.80488	20.5999
1.80474	20.1102
1.80459	20.1127
1.80445	20.4795
1.8043	20.723
1.80416	19.1385
1.80401	20.4883
1.80387	20.1357
1.80372	21.2518
1.80358	19.8137
1.80343	19.7214
1.80329	20.0005
1.80314	22.37
1.803	20.8145
1.80285	19.9929
1.80271	19.415
1.80256	19.9505
1.80242	21.6081
1.80227	20.6625
1.80213	21.8396
1.80198	20.6404
1.80184	21.3193
1.8017	21.8778
1.80155	21.4238
1.80141	21.6018
1.80126	22.5472
1.80112	21.445
1.80097	21.4819
1.80083	21.8949
1.80068	21.02
1.80054	20.7792
1.8004	22.1978
1.80025	22.3289
1.80011	22.5779
1.79996	23.1965
1.79982	22.1601
1.79967	22.0212
1.79953	22.3913
1.79939	22.0035
1.79924	20.483
1.7991	23.1237
1.79895	21.1033
1.79881	21.354
1.79866	21.858
1.79852	20.3565
1.79838	22.7378
1.79823	22.2405
1.79809	21.6238
1.79794	20.7593
1.7978	21.7677
1.79766	21.2737
1.79751	22.0223
1.79737	22.5159
1.79722	22.2656
1.79708	22.0165
1.79694	23.0056
1.79679	22.5061
1.79665	22.1297
1.79651	22.3713
1.79636	22.2442
1.79622	21.3782
1.79607	23.2166
1.79593	22.5953
1.79579	21.8513
1.79564	22.574
1.7955	22.319
1.79536	22.3076
1.79521	20.8385
1.79507	22.1581
1.79493	22.7467
1.79478	22.6133
1.79464	21.5231
1.7945	23.322
1.79435	20.6827
1.79421	23.4436
1.79407	21.2957
1.79392	22.9855
1.79378	23.4825
1.79364	22.6661
1.79349	22.3296
1.79335	23.073
1.79321	21.7767
1.79306	23.8465
1.79292	23.1545
1.79278	21.6173
1.79263	22.0029
1.79249	23.2297
1.79235	23.6106
1.7922	23.7504
1.79206	24.3744
1.79192	21.7369
1.79178	23.8155
1.79163	22.7472
1.79149	23.1302
1.79135	23.399
1.7912	23.5507
1.79106	24.062
1.79092	22.506
1.79078	23.3793
1.79063	24.2542
1.79049	22.3304
1.79035	22.8414
1.7902	23.7167
1.79006	21.0528
1.78992	23.754
1.78978	23.0392
1.78963	24.156
1.78949	23.1976
1.78935	24.8036
1.78921	24.4553
1.78906	23.4952
1.78892	23.3922
1.78878	23.9016
1.78864	22.5772
1.78849	24.6785
1.78835	22.0021
1.78821	22.1411
1.78807	24.4888
1.78792	23.1665
1.78778	23.932
1.78764	23.2224
1.7875	23.1231
1.78735	23.2664
1.78721	24.6362
1.78707	23.5434
1.78693	23.9293
1.78679	23.9428
1.78664	24.811
1.7865	24.3201
1.78636	23.3317
1.78622	23.6884
1.78608	23.3098
1.78593	24.151
1.78579	25.105
1.78565	23.8674
1.78551	23.7515
1.78537	23.4516
1.78522	23.6358
1.78508	24.5105
1.78494	24.2625
1.7848	23.8757
1.78466	24.8186
1.78451	26.1683
1.78437	24.2567
1.78423	24.5108
1.78409	25.3283
1.78395	24.6387
1.78381	24.6149
1.78366	23.793
1.78352	23.929
1.78338	24.7854
1.78324	25.5013
1.7831	23.9438
1.78296	25.0253
1.78281	25.2727
1.78267	24.0887
1.78253	26.1258
1.78239	26.0154
1.78225	26.5007
1.78211	24.7227
1.78197	25.3288
1.78182	24.3877
1.78168	26.661
1.78154	24.8836
1.7814	23.9377
1.78126	25.1326
1.78112	24.9041
1.78098	26.461
1.78084	25.4071
1.78069	24.7084
1.78055	26.1422
1.78041	25.3225
1.78027	26.0575
1.78013	26.2024
1.77999	26.2273
1.77985	26.7273
1.77971	26.0361
1.77957	27.1326
1.77942	26.3254
1.77928	25.7738
1.77914	26.5426
1.779	26.2093
1.77886	26.7007
1.77872	26.3551
1.77858	26.6122
1.77844	26.2746
1.7783	27.0356
1.77816	25.3726
1.77802	26.2068
1.77788	25.5001
1.77773	26.1397
1.77759	26.0477
1.77745	26.775
1.77731	25.6876
1.77717	25.2135
1.77703	24.7626
1.77689	25.7648
1.77675	27.8361
1.77661	25.5411
1.77647	27.2108
1.77633	26.595
1.77619	27.7939
1.77605	27.6883
1.77591	27.0949
1.77577	26.2597
1.77563	26.0196
1.77549	26.0184
1.77535	26.139
1.77521	26.7371
1.77507	27.3338
1.77493	28.2853
1.77479	26.2635
1.77465	28.0384
1.77451	27.5602
1.77436	27.6754
1.77422	27.5511
1.77408	27.4238
1.77394	29.7694
1.7738	28.2282
1.77366	26.9279
1.77352	27.2751
1.77338	26.4538
1.77324	26.3376
1.7731	28.0882
1.77296	27.8495
1.77282	27.3804
1.77268	28.7851
1.77254	27.5197
1.7724	26.3727
1.77227	28.254
1.77213	27.8068
1.77199	28.1832
1.77185	26.8157
1.77171	29.3189
1.77157	27.0159
1.77143	27.63
1.77129	28.3546
1.77115	29.7772
1.77101	28.3833
1.77087	27.6039
1.77073	28.2572
1.77059	27.8407
1.77045	29.2808
1.77031	28.1425
1.77017	27.1776
1.77003	29.5418
1.76989	27.9263
1.76975	28.5716
1.76961	28.9854
1.76947	28.5748
1.76933	28.6439
1.76919	29.6901
1.76906	30.6162
1.76892	29.0855
1.76878	28.5272
1.76864	28.5803
1.7685	30.2373
1.76836	29.5537
1.76822	30.0975
1.76808	28.9994
1.76794	30.2588
1.7678	31.5118
1.76766	31.0212
1.76752	29.9097
1.76739	31.0315
1.76725	31.6552
1.76711	30.1665
1.76697	31.6541
1.76683	29.4395
1.76669	31.9377
1.76655	31.9671
1.76641	29.7593
1.76627	29.7613
1.76614	31.1313
1.766	29.7905
1.76586	29.6938
1.76572	29.8472
1.76558	33.1
1.76544	31.1192
1.7653	31.3344
1.76516	29.8577
1.76503	30.5001
1.76489	31.6259
1.76475	32.8475
1.76461	30.2211
1.76447	31.6595
1.76433	31.5105
1.76419	30.188
1.76406	30.7043
1.76392	30.6693
1.76378	33.0541
1.76364	31.7932
1.7635	32.0138
1.76336	29.6853
1.76323	31.36
1.76309	32.4233
1.76295	31.3076
1.76281	30.5646
1.76267	32.5909
1.76253	32.6989
1.7624	32.9264
1.76226	30.3991
1.76212	31.5676
1.76198	32.3507
1.76184	31.015
1.7617	33.4946
1.76157	32.5393
1.76143	30.1711
1.76129	32.7609
1.76115	30.9898
1.76101	32.9802
1.76088	30.6175
1.76074	30.7278
1.7606	33.0612
1.76046	30.9385
1.76032	31.1534
1.76019	30.4328
1.76005	30.9967
1.75991	32.3735
1.75977	32.5822
1.75964	34.8692
1.7595	32.995
1.75936	34.015
1.75922	31.8299
1.75908	32.3011
1.75895	32.5503
1.75881	33.1468
1.75867	32.7008
1.75853	32.3741
1.7584	33.0953
1.75826	32.5553
1.75812	32.709
1.75798	33.8903
1.75785	33.5741
1.75771	33.1536
1.75757	31.4676
1.75743	33.0367
1.7573	32.6331
1.75716	34.6643
1.75702	33.9969
1.75688	33.914
1.75675	32.5414
1.75661	32.6861
1.75647	36.3396
1.75634	34.5928
1.7562	34.1263
1.75606	34.9397
1.75592	33.1868
1.75579	34.2615
1.75565	32.2993
1.75551	33.5006
1.75538	35.532
1.75524	35.2203
1.7551	32.559
1.75496	33.384
1.75483	35.161
1.75469	34.6309
1.75455	33.6113
1.75442	35.8084
1.75428	35.1324
1.75414	35.4119
1.75401	35.808
1.75387	34.1537
1.75373	34.7719
1.75359	34.6581
1.75346	36.8126
1.75332	34.5329
1.75318	35.3671
1.75305	34.8724
1.75291	34.8459
1.75277	37.9027
1.75264	36.5444
1.7525	35.435
1.75236	37.1676
1.75223	37.946
1.75209	37.3138
1.75195	36.5729
1.75182	37.1267
1.75168	36.4016
1.75154	36.8573
1.75141	34.9968
1.75127	35.2383
1.75114	36.8745
1.751	37.9382
1.75086	36.5758
1.75073	37.6716
1.75059	38.3171
1.75045	37.0831
1.75032	36.6597
1.75018	38.3468
1.75005	38.1708
1.74991	37.922
1.74977	40.2094
1.74964	39.8998
1.7495	38.6555
1.74936	39.9617
1.74923	39.0949
1.74909	40.454
1.74896	39.0402
1.74882	39.1407
1.74868	38.3393
1.74855	38.455
1.74841	38.7968
1.74828	37.4668
1.74814	39.9941
1.748	38.8781
1.74787	41.4539
1.74773	38.702
1.7476	36.8994
1.74746	38.323
1.74732	40.5443
1.74719	38.5602
1.74705	39.5413
1.74692	35.7837
1.74678	38.1568
1.74665	39.4173
1.74651	38.0994
1.74637	37.7119
1.74624	38.3475
1.7461	38.3107
1.74597	37.6884
1.74583	38.3639
1.7457	40.2379
1.74556	41.3293
1.74543	39.6374
1.74529	39.4433
1.74515	40.2911
1.74502	39.928
1.74488	40.622
1.74475	40.9838
1.74461	41.0968
1.74448	42.3908
1.74434	41.6221
1.74421	40.3604
1.74407	45.6248
1.74394	40.955
1.7438	39.8988
1.74367	42.8293
1.74353	41.6247
1.74339	42.1025
1.74326	41.604
1.74312	42.898
1.74299	41.748
1.74285	41.1851
1.74272	43.2388
1.74258	42.5299
1.74245	41.7114
1.74231	40.5491
1.74218	40.8083
1.74204	41.4529
1.74191	43.1425
1.74177	43.8825
1.74164	41.2604
1.7415	45.4777
1.74137	42.9992
1.74123	42.2771
1.7411	42.4679
1.74097	41.5107
1.74083	42.2828
1.7407	43.8668
1.74056	44.4459
1.74043	44.1018
1.74029	43.4133
1.74016	41.5762
1.74002	42.2055
1.73989	42.4943
1.73975	44.8364
1.73962	44.7028
1.73948	45.4057
1.73935	45.1396
1.73921	46.6795
1.73908	45.6775
1.73895	47.2263
1.73881	46.0167
1.73868	44.9262
1.73854	47.0308
1.73841	47.753
1.73827	49.0496
1.73814	47.4306
1.738	47.2842
1.73787	47.6914
1.73774	47.5519
1.7376	46.5964
1.73747	44.6705
1.73733	48.4923
1.7372	46.415
1.73706	46.2373
1.73693	48.7663
1.7368	48.5223
1.73666	47.8437
1.73653	48.2258
1.73639	46.3651
1.73626	50.7588
1.73613	46.5088
1.73599	49.459
1.73586	46.4233
1.73572	47.817
1.73559	46.8353
1.73546	47.2801
1.73532	49.1207
1.73519	45.8367
1.73505	48.7144
1.73492	49.1564
1.73479	47.5434
1.73465	46.9877
1.73452	48.612
1.73439	49.0958
1.73425	48.6933
1.73412	48.7704
1.73398	47.3104
1.73385	47.2187
1.73372	48.0444
1.73358	47.0682
1.73345	50.6441
1.73332	49.0255
1.73318	47.5468
1.73305	50.2073
1.73292	47.6816
1.73278	48.3705
1.73265	50.0118
1.73251	51.0979
1.73238	51.2898
1.73225	50.7782
1.73211	51.0329
1.73198	51.2797
1.73185	51.7095
1.73171	49.1722
1.73158	56.1284
1.73145	51.8428
1.73131	49.8303
1.73118	51.9624
1.73105	52.811
1.73091	52.4394
1.73078	52.6096
1.73065	51.0987
1.73052	52.6762
1.73038	53.8659
1.73025	54.3753
1.73012	53.2534
1.72998	52.9213
1.72985	48.9621
1.72972	55.3219
1.72958	53.0455
1.72945	53.4529
1.72932	53.7616
1.72918	51.7255
1.72905	54.4016
1.72892	53.9466
1.72879	52.8925
1.72865	53.228
1.72852	51.0943
1.72839	54.9796
1.72825	55.8714
1.72812	55.0659
1.72799	54.5213
1.72786	55.9328
1.72772	57.0131
1.72759	56.5919
1.72746	57.07
1.72733	56.5378
1.72719	58.3619
1.72706	57.7387
1.72693	55.5675
1.7268	57.8616
1.72666	53.43
1.72653	57.2373
1.7264	56.8917
1.72627	57.1329
1.72613	56.5096
1.726	57.8989
1.72587	55.9518
1.72574	55.0382
1.7256	54.7918
1.72547	57.579
1.72534	55.6417
1.72521	55.833
1.72507	55.2819
1.72494	56.5573
1.72481	54.7435
1.72468	57.4195
1.72454	56.6358
1.72441	59.0662
1.72428	55.6912
1.72415	58.41
1.72402	58.059
1.72388	59.6661
1.72375	56.591
1.72362	61.0572
1.72349	57.3634
1.72336	59.1832
1.72322	57.601
1.72309	59.0458
1.72296	57.9731
1.72283	58.6838
1.7227	61.0723
1.72256	62.3232
1.72243	60.9407
1.7223	57.4238
1.72217	58.1417
1.72204	60.6801
1.7219	60.4893
1.72177	62.9031
1.72164	60.7658
1.72151	61.7032
1.72138	62.9509
1.72125	60.5379
1.72111	63.1626
1.72098	59.0546
1.72085	64.0131
1.72072	60.4141
1.72059	60.3966
1.72046	60.2549
1.72032	64.3857
1.72019	60.8312
1.72006	61.2039
1.71993	61.3366
1.7198	61.3039
1.71967	60.5593
1.71954	64.0692
1.7194	64.7359
1.71927	63.9803
1.71914	63.4531
1.71901	65.1881
1.71888	62.7233
1.71875	63.4033
1.71862	66.884
1.71848	62.0425
1.71835	66.2098
1.71822	61.8118
1.71809	66.6518
1.71796	61.9125
1.71783	63.288
1.7177	64.6905
1.71757	65.4917
1.71744	67.2846
1.7173	67.0191
1.71717	68.3083
1.71704	68.661
1.71691	64.6373
1.71678	64.684
1.71665	68.769
1.71652	64.6722
1.71639	67.6213
1.71626	68.3884
1.71613	70.2914
1.71599	66.59
1.71586	70.2202
1.71573	69.478
1.7156	70.0394
1.71547	68.6069
1.71534	67.4558
1.71521	68.8594
1.71508	67.5049
1.71495	67.3121
1.71482	67.8306
1.71469	73.9663
1.71456	70.3214
1.71443	67.8049
1.71429	73.1864
1.71416	67.4503
1.71403	68.6436
1.7139	70.5217
1.71377	68.4403
1.71364	71.6101
1.71351	69.7037
1.71338	71.5353
1.71325	72.9749
1.71312	71.5645
1.71299	73.2887
1.71286	72.1495
1.71273	72.9523
1.7126	74.7352
1.71247	72.4605
1.71234	72.098
1.71221	72.4147
1.71208	75.0492
1.71195	74.4219
1.71182	72.9206
1.71169	74.8491
1.71156	74.4675
1.71143	78.3472
1.7113	77.9997
1.71117	79.1697
1.71104	73.1234
1.71091	76.4156
1.71078	77.6493
1.71065	75.8473
1.71052	71.2949
1.71039	75.0205
1.71026	75.0826
1.71013	78.2756
1.71	76.2828
1.70987	75.7912
1.70974	72.7896
1.70961	75.6426
1.70948	77.3448
1.70935	76.7753
1.70922	75.5526
1.70909	76.8697
1.70896	76.0165
1.70883	75.2772
1.7087	80.9396
1.70857	77.9368
1.70844	77.7765
1.70831	80.2361
1.70818	77.6856
1.70805	77.0549
1.70792	77.5823
1.70779	74.5313
1.70766	75.355
1.70753	77.0952
1.7074	79.4356
1.70727	77.558
1.70714	79.4312
1.70701	79.174
1.70688	79.2131
1.70675	81.3256
1.70662	78.7049
1.70649	80.3021
1.70637	79.9312
1.70624	78.4589
1.70611	77.5132
1.70598	79.1767
1.70585	78.4326
1.70572	78.2819
1.70559	81.8712
1.70546	82.0979
1.70533	82.0848
1.7052	84.6539
1.70507	83.0569
1.70494	85.1668
1.70481	80.671
1.70469	85.281
1.70456	80.9181
1.70443	83.2585
1.7043	87.5613
1.70417	87.6366
1.70404	86.0503
1.70391	85.4339
1.70378	86.6319
1.70365	84.992
1.70352	87.5847
1.7034	89.3756
1.70327	87.4864
1.70314	86.8398
1.70301	91.0716
1.70288	90.0792
1.70275	90.2178
1.70262	87.4909
1.70249	88.245
1.70236	90.5109
1.70224	90.6281
1.70211	92.1179
1.70198	88.7401
1.70185	91.5923
1.70172	90.7139
1.70159	91.07
1.70146	89.3548
1.70134	89.8367
1.70121	90.626
1.70108	92.9121
1.70095	87.0932
1.70082	93.6301
1.70069	89.9665
1.70056	92.5765
1.70044	92.101
1.70031	91.2073
1.70018	95.6532
1.70005	93.2203
1.69992	92.1604
1.69979	95.7397
1.69967	89.3171
1.69954	92.9256
1.69941	93.6968
1.69928	94.9396
1.69915	95.3907
1.69902	97.7413
1.6989	97.5719
1.69877	92.2762
1.69864	94.2593
1.69851	94.5094
1.69838	95.0998
1.69825	101.805
1.69813	99.3944
1.698	97.121
1.69787	95.7623
1.69774	100.038
1.69761	97.8419
1.69749	99.0567
1.69736	95.537
1.69723	95.811
1.6971	97.0252
1.69697	95.9487
1.69685	101.323
1.69672	90.8563
1.69659	96.2508
1.69646	99.2239
1.69634	98.0256
1.69621	98.0817
1.69608	97.0297
1.69595	102.36
1.69582	99.8037
1.6957	101.765
1.69557	101.55
1.69544	105.309
1.69531	102.902
1.69519	102.325
1.69506	104.306
1.69493	108.579
1.6948	104.611
1.69468	107.005
1.69455	109.896
1.69442	107.443
1.69429	112.471
1.69417	107.099
1.69404	109.693
1.69391	108.557
1.69378	109.569
1.69366	108.355
1.69353	108.58
1.6934	111.559
1.69327	108.401
1.69315	107.285
1.69302	109.487
1.69289	109.171
1.69276	107.614
1.69264	107.233
1.69251	107.606
1.69238	111.111
1.69226	108.655
1.69213	106.927
1.692	106.751
1.69187	109.908
1.69175	105.932
1.69162	107.965
1.69149	109.694
1.69137	105.738
1.69124	109.299
1.69111	106.451
1.69098	106.636
1.69086	107.245
1.69073	112.877
1.6906	111.783
1.69048	109.379
1.69035	109.443
1.69022	112.559
1.6901	109.986
1.68997	113.482
1.68984	110.941
1.68972	116.684
1.68959	115.219
1.68946	115.297
1.68934	116.903
1.68921	120.948
1.68908	118.977
1.68896	117.341
1.68883	120.772
1.6887	117.571
1.68858	116.306
1.68845	117.143
1.68832	123.095
1.6882	120.115
1.68807	119.328
1.68794	116.876
1.68782	116.233
1.68769	114.863
1.68756	116.67
1.68744	114.524
1.68731	118.435
1.68718	112.237
1.68706	116.834
1.68693	113.797
1.6868	106.296
1.68668	117.137
1.68655	116.573
1.68643	118.085
1.6863	115.848
1.68617	116.604
1.68605	117.194
1.68592	118.782
1.68579	120.21
1.68567	120.843
1.68554	113.655
1.68542	124.267
1.68529	122.14
1.68516	121.706
1.68504	123.729
1.68491	119.924
1.68479	120.702
1.68466	125.767
1.68453	126.215
1.68441	126.869
1.68428	125.927
1.68416	119.892
1.68403	124.439
1.6839	125.464
1.68378	124.848
1.68365	127.652
1.68353	122.485
1.6834	126.661
1.68327	126.849
1.68315	124.681
1.68302	130.361
1.6829	128.838
1.68277	126.373
1.68265	127.19
1.68252	126.228
1.68239	129.455
1.68227	133.786
1.68214	138.115
1.68202	131.222
1.68189	135.787
1.68177	132.335
1.68164	137.152
1.68152	142.828
1.68139	142.345
1.68126	146.105
1.68114	139.469
1.68101	135.77
1.68089	140.44
1.68076	142.684
1.68064	141.951
1.68051	137.499
1.68039	142.745
1.68026	140.481
1.68014	138.947
1.68001	136.472
1.67988	135.27
1.67976	134.627
1.67963	139.122
1.67951	138.325
1.67938	134.9
1.67926	139.269
1.67913	135.768
1.67901	128.715
1.67888	132.702
1.67876	128.662
1.67863	133.36
1.67851	130.735
1.67838	129.058
1.67826	125.254
1.67813	133.08
1.67801	137.717
1.67788	134.546
1.67776	136.64
1.67763	138.951
1.67751	131.735
1.67738	140.934
1.67726	142.256
1.67713	143.509
1.67701	143.541
1.67688	146.733
1.67676	138.576
1.67663	147.255
1.67651	149.708
1.67638	152.436
1.67626	147.572
1.67613	149.955
1.67601	147.469
1.67589	149.578
1.67576	152.253
1.67564	157.493
1.67551	149.775
1.67539	157.325
1.67526	154.95
1.67514	152.16
1.67501	153.457
1.67489	160.291
1.67476	155.394
1.67464	155.292
1.67452	154.575
1.67439	158.11
1.67427	149.859
1.67414	154.43
1.67402	146.328
1.67389	155.293
1.67377	151.519
1.67364	152.193
1.67352	153.201
1.6734	154.234
1.67327	154.149
1.67315	155.157
1.67302	154.901
1.6729	153.424
1.67277	156.673
1.67265	157.339
1.67253	152.559
1.6724	153.754
1.67228	158.586
1.67215	157.721
1.67203	159.709
1.67191	158.025
1.67178	156.174
1.67166	158.866
1.67153	159.861
1.67141	160.911
1.67129	162.393
1.67116	162.134
1.67104	164.286
1.67091	160.666
1.67079	167.729
1.67067	160.444
1.67054	161.119
1.67042	163.539
1.67029	165.365
1.67017	164.328
1.67005	166.913
1.66992	165.009
1.6698	169.75
1.66968	161.049
1.66955	164.442
1.66943	165.728
1.6693	163.399
1.66918	167.598
1.66906	165.214
1.66893	165.872
1.66881	175.839
1.66869	171.496
1.66856	170.554
1.66844	172.546
1.66832	168.629
1.66819	176.118
1.66807	175.436
1.66795	173.352
1.66782	171.188
1.6677	171.308
1.66758	171.83
1.66745	171.036
1.66733	169.038
1.6672	173.116
1.66708	171.869
1.66696	171.758
1.66683	166.539
1.66671	168.286
1.66659	167.783
1.66647	161.328
1.66634	167.174
1.66622	168.337
1.6661	168.194
1.66597	163.975
1.66585	170.218
1.66573	168.593
1.6656	167.723
1.66548	167.492
1.66536	171.029
1.66523	167.53
1.66511	172.005
1.66499	170.493
1.66486	175.843
1.66474	166.608
1.66462	174.772
1.6645	173.956
1.66437	171.576
1.66425	173.482
1.66413	167.411
1.664	167.907
1.66388	178.035
1.66376	177.531
1.66364	182.305
1.66351	172.506
1.66339	177.835
1.66327	173.266
1.66314	173.379
1.66302	177.831
1.6629	180.23
1.66278	176.133
1.66265	176.661
1.66253	176.29
1.66241	171.006
1.66229	171.288
1.66216	174.301
1.66204	181.482
1.66192	169.554
1.6618	175.549
1.66167	173.713
1.66155	164.929
1.66143	172.015
1.66131	171.64
1.66118	173.113
1.66106	173.831
1.66094	177.826
1.66082	167.512
1.66069	163.451
1.66057	171.786
1.66045	177.088
1.66033	176.443
1.6602	180.044
1.66008	177.803
1.65996	177.893
1.65984	174.263
1.65972	185.129
1.65959	186.165
1.65947	189.26
1.65935	183.977
1.65923	186.681
1.6591	184.833
1.65898	187.895
1.65886	184.085
1.65874	190.382
1.65862	191.283
1.65849	195.043
1.65837	191.61
1.65825	195.791
1.65813	199.29
1.65801	198.779
1.65788	199.575
1.65776	200.562
1.65764	200.918
1.65752	194.227
1.6574	192.464
1.65727	199.089
1.65715	190.825
1.65703	192.457
1.65691	200.175
1.65679	196.924
1.65667	193.258
1.65654	191.2
1.65642	192.539
1.6563	195.707
1.65618	192.593
1.65606	186.652
1.65594	186.823
1.65581	184.81
1.65569	183.163
1.65557	182.53
1.65545	188.282
1.65533	192.236
1.65521	190.697
1.65508	185.132
1.65496	186.409
1.65484	180.473
1.65472	181.077
1.6546	183.739
1.65448	184.598
1.65436	185.904
1.65423	188.408
1.65411	178.397
1.65399	180.424
1.65387	182.55
1.65375	181.887
1.65363	184.266
1.65351	189.258
1.65339	181.587
1.65326	181.558
1.65314	181.864
1.65302	184.382
1.6529	180.174
1.65278	181.341
1.65266	187.462
1.65254	184.107
1.65242	179.009
1.65229	179.198
1.65217	173.445
1.65205	181.327
1.65193	185.188
1.65181	180.764
1.65169	181.615
1.65157	180.825
1.65145	178.616
1.65133	180.809
1.65121	191.317
1.65108	191.947
1.65096	193.01
1.65084	190.869
1.65072	191.122
1.6506	184.422
1.65048	187.694
1.65036	197.705
1.65024	194.445
1.65012	195.604
1.65	192.489
1.64988	189.064
1.64976	195.549
1.64964	190.08
1.64951	197.951
1.64939	193.699
1.64927	196.413
1.64915	197.229
1.64903	186.062
1.64891	185.411
1.64879	186.097
1.64867	195.004
1.64855	188.336
1.64843	194.742
1.64831	189.008
1.64819	183.834
1.64807	185.046
1.64795	181.677
1.64783	183.959
1.64771	181.164
1.64759	192.133
1.64747	187.343
1.64735	183.04
1.64723	179.458
1.6471	180.886
1.64698	181.002
1.64686	179.679
1.64674	182.42
1.64662	177.255
1.6465	173.577
1.64638	175.056
1.64626	179.658
1.64614	180.851
1.64602	175.122
1.6459	180.141
1.64578	174.469
1.64566	178.822
1.64554	175.836
1.64542	176.281
1.6453	183.159
1.64518	176.172
1.64506	183.526
1.64494	180.949
1.64482	176.273
1.6447	178.237
1.64458	180.94
1.64446	172.817
1.64434	176.023
1.64422	185.787
1.6441	184.856
1.64398	175.205
1.64386	172.081
1.64374	177.979
1.64362	175.683
1.6435	181.21
1.64338	179.816
1.64326	178.524
1.64314	180.282
1.64302	181.747
1.6429	185.619
1.64279	183.272
1.64267	183.698
1.64255	188.85
1.64243	182.221
1.64231	184.399
1.64219	182.269
1.64207	177.97
1.64195	179.652
1.64183	183.367
1.64171	193.819
1.64159	186.965
1.64147	189.601
1.64135	193.6
1.64123	188.997
1.64111	194.601
1.64099	189.796
1.64087	193.475
1.64075	190.709
1.64063	187.094
1.64051	187.643
1.6404	190.494
1.64028	193.467
1.64016	197.98
1.64004	194.52
1.63992	193.43
1.6398	191.164
1.63968	194.053
1.63956	190.562
1.63944	192.814
1.63932	191.189
1.6392	194.121
1.63908	192.433
1.63897	187.157
1.63885	181.656
1.63873	180.395
1.63861	182.345
1.63849	177.893
1.63837	184.445
1.63825	176.246
1.63813	175.454
1.63801	175.457
1.63789	170.827
1.63778	169.821
1.63766	171.125
1.63754	174.028
1.63742	168.614
1.6373	167.706
1.63718	161.858
1.63706	167.101
1.63694	164.999
1.63682	163.78
1.63671	169.504
1.63659	171.548
1.63647	163.488
1.63635	158.401
1.63623	161.852
1.63611	161.94
1.63599	164.64
1.63587	167.082
1.63576	161.957
1.63564	160.572
1.63552	164
1.6354	163.914
1.63528	157.084
1.63516	156.154
1.63505	166.124
1.63493	162.259
1.63481	155.542
1.63469	157.662
1.63457	154.07
1.63445	153.741
1.63433	151.312
1.63422	158.735
1.6341	162.009
1.63398	154.901
1.63386	155.278
1.63374	150.356
1.63362	158.377
1.63351	156.56
1.63339	159.604
1.63327	154.526
1.63315	155.569
1.63303	145.636
1.63291	142.615
1.6328	147.736
1.63268	144.279
1.63256	148.811
1.63244	146.094
1.63232	151.18
1.63221	146.099
1.63209	143.072
1.63197	146.044
1.63185	147.105
1.63173	144.323
1.63162	151.151
1.6315	147.118
1.63138	147.446
1.63126	146.616
1.63114	144.804
1.63103	150.427
1.63091	153.244
1.63079	157.389
1.63067	153.206
1.63055	151.573
1.63044	146.822
1.63032	151.084
1.6302	147.384
1.63008	151.83
1.62997	147.807
1.62985	148.929
1.62973	148.23
1.62961	146.733
1.62949	145.229
1.62938	145.564
1.62926	145.044
1.62914	145.98
1.62902	149.258
1.62891	142.248
1.62879	139.572
1.62867	138.878
1.62855	139.948
1.62844	140.579
1.62832	141.016
1.6282	140.837
1.62808	139.68
1.62797	134.003
1.62785	136.132
1.62773	133.136
1.62761	136.333
1.6275	134.553
1.62738	134.18
1.62726	133.935
1.62714	135.716
1.62703	131.055
1.62691	133.91
1.62679	134.698
1.62668	136.668
1.62656	138.023
1.62644	135.89
1.62632	134.541
1.62621	136.188
1.62609	137.464
1.62597	138.748
1.62586	143.901
1.62574	146.695
1.62562	145.603
1.6255	145.417
1.62539	139.496
1.62527	139.744
1.62515	139.277
1.62504	147.273
1.62492	149.518
1.6248	149.269
1.62468	147.998
1.62457	142.751
1.62445	142.073
1.62433	142.677
1.62422	142.344
1.6241	141.937
1.62398	145.537
1.62387	142.609
1.62375	143.548
1.62363	136.375
1.62352	134.148
1.6234	139.349
1.62328	141.619
1.62317	143.635
1.62305	143.048
1.62293	142.772
1.62282	139.233
1.6227	142.152
1.62258	142.439
1.62247	146.127
1.62235	147.521
1.62223	151
1.62212	141.076
1.622	143.265
1.62188	144.999
1.62177	143.968
1.62165	141.247
1.62153	146.406
1.62142	148.661
1.6213	149.967
1.62118	147.552
1.62107	140.044
1.62095	140.29
1.62083	144.874
1.62072	149.073
1.6206	150.949
1.62049	144.218
1.62037	143.66
1.62025	141.854
1.62014	140.556
1.62002	133.76
1.6199	137.55
1.61979	138.432
1.61967	144.324
1.61956	135.128
1.61944	135.329
1.61932	130.278
1.61921	132.978
1.61909	130.481
1.61897	134.096
1.61886	131.985
1.61874	125.505
1.61862	123.589
1.61851	118.932
1.61839	118.857
1.61827	117.472
1.61816	118.644
1.61804	115.425
1.61792	111.957
1.61781	110.41
1.61769	111.298
1.61758	103.023
1.61746	111.659
1.61734	104.727
1.61723	107.027
1.61711	107.24
1.61699	100.476
1.61688	96.6789
1.61676	101.475
1.61665	102.762
1.61653	103.863
1.61641	104.271
1.6163	96.8112
1.61618	97.7142
1.61606	100.214
1.61595	97.7411
1.61583	96.9255
1.61572	97.2137
1.6156	96.5592
1.61548	101.326
1.61537	99.0533
1.61525	99.5026
1.61514	92.2976
1.61502	97.2133
1.6149	96.6071
1.61479	99.9007
1.61467	102.673
1.61456	105.647
1.61444	99.3643
1.61432	99.0823
1.61421	99.7415
1.61409	103.396
1.61398	105.627
1.61386	109.876
1.61375	105.646
1.61363	106.943
1.61351	107.062
1.6134	103.183
1.61328	105.58
1.61317	107.62
1.61305	112.483
1.61294	111.262
1.61282	107.997
1.6127	110.78
1.61259	108.124
1.61247	109.084
1.61236	103.419
1.61224	114.344
1.61213	109.21
1.61201	113.84
1.61189	106.44
1.61178	109.988
1.61166	105.187
1.61155	104.219
1.61143	116.828
1.61132	114.594
1.6112	116.657
1.61109	110.282
1.61097	104.196
1.61086	102.536
1.61074	102.175
1.61063	108.463
1.61051	104.938
1.61039	108.433
1.61028	101.025
1.61016	107.115
1.61005	101.912
1.60993	106.036
1.60982	102.839
1.6097	102.805
1.60959	103.156
1.60947	109.41
1.60936	96.0486
1.60924	94.023
1.60913	91.5291
1.60901	91.8419
1.6089	99.9338
1.60878	95.0117
1.60867	106.593
1.60855	101.682
1.60844	97.6274
1.60832	95.6153
1.60821	98.4255
1.60809	93.8079
1.60798	93.8402
1.60786	93.7804
1.60775	97.6299
1.60763	93.8705
1.60752	92.2226
1.6074	87.9851
1.60729	92.793
1.60717	94.1629
1.60706	92.7489
1.60694	94.8887
1.60683	92.0349
1.60671	85.6171
1.6066	86.1874
1.60648	94.076
1.60637	89.0016
1.60626	88.5082
1.60614	85.6273
1.60603	85.4458
1.60591	83.4767
1.6058	85.666
1.60568	85.8797
1.60557	87.688
1.60545	92.0078
1.60534	88.9831
1.60522	90.7392
1.60511	82.0649
1.60499	83.5603
1.60488	78.8492
1.60477	80.2441
1.60465	85.6005
1.60454	87.2535
1.60442	82.6047
1.60431	77.9001
1.60419	73.4217
1.60408	73.6617
1.60396	77.1032
1.60385	76.9143
1.60374	78.146
1.60362	74.2871
1.60351	71.7375
1.60339	69.5862
1.60328	67.8348
1.60316	69.2365
1.60305	69.2355
1.60294	71.1567
1.60282	72.8851
1.60271	73.2201
1.60259	66.7222
1.60248	71.0817
1.60237	67.6814
1.60225	68.1679
1.60214	69.4164
1.60202	70.2545
1.60191	67.8851
1.6018	65.0566
1.60168	70.5693
1.60157	64.7801
1.60145	69.4833
1.60134	70.2909
1.60123	70.0057
1.60111	71.0841
1.601	67.7674
1.60088	70.3368
1.60077	71.313
1.60066	71.1299
1.60054	66.8069
1.60043	76.115
1.60031	71.2591
1.6002	71.535
1.60009	74.8946
1.59997	70.9772
1.59986	74.0658
1.59975	75.4395
1.59963	70.7528
1.59952	72.5553
1.5994	79.9791
1.59929	75.6372
1.59918	71.9147
1.59906	72.8463
1.59895	74.3743
1.59884	68.2743
1.59872	74.324
1.59861	72.2278
1.5985	74.8841
1.59838	68.3981
1.59827	71.07
1.59815	69.7693
1.59804	69.5549
1.59793	69.1719
1.59781	68.6642
1.5977	71.1652
1.59759	71.9007
1.59747	70.1345
1.59736	68.7431
1.59725	68.0023
1.59713	76.5719
1.59702	68.3651
1.59691	68.6133
1.59679	71.2704
1.59668	65.1929
1.59657	67.3059
1.59645	64.9594
1.59634	67.9218
1.59623	66.8079
1.59611	69.0587
1.596	67.8084
1.59589	63.5448
1.59577	64.4026
1.59566	62.7199
1.59555	62.6224
1.59544	62.861
1.59532	62.4806
1.59521	64.2062
1.5951	64.5778
1.59498	62.107
1.59487	62.9866
1.59476	63.1304
1.59464	65.9798
1.59453	68.1567
1.59442	65.1246
1.5943	65.5392
1.59419	64.9891
1.59408	62.771
1.59397	63.6236
1.59385	65.2322
1.59374	64.3231
1.59363	66.4009
1.59351	67.6855
1.5934	66.2467
1.59329	65.1751
1.59318	66.7154
1.59306	61.2126
1.59295	63.9831
1.59284	63.9925
1.59273	66.0916
1.59261	62.1609
1.5925	60.7856
1.59239	64.2409
1.59227	57.7391
1.59216	58.5039
1.59205	57.759
1.59194	59.3868
1.59182	58.5139
1.59171	60.4083
1.5916	56.7861
1.59149	57.9748
1.59137	53.74
1.59126	61.9765
1.59115	59.3005
1.59104	61.76
1.59092	63.4684
1.59081	58.3091
1.5907	57.5599
1.59059	57.2735
1.59047	57.1667
1.59036	58.5896
1.59025	56.7994
1.59014	57.9704
1.59002	55.2296
1.58991	53.3798
1.5898	58.0181
1.58969	54.268
1.58958	57.5004
1.58946	57.4636
1.58935	56.5892
1.58924	59.214
1.58913	54.2455
1.58901	55.138
1.5889	53.2258
1.58879	55.5454
1.58868	53.4382
1.58857	51.7166
1.58845	56.3545
1.58834	56.9468
1.58823	52.9302
1.58812	52.5625
1.58801	52.7937
1.58789	53.6526
1.58778	56.1614
1.58767	54.3174
1.58756	52.5197
1.58745	53.32
1.58733	53.0317
1.58722	49.9551
1.58711	52.362
1.587	48.7883
1.58689	50.0652
1.58677	48.7316
1.58666	48.7347
1.58655	48.8473
1.58644	48.741
1.58633	48.8877
1.58621	48.906
1.5861	50.8091
1.58599	48.5041
1.58588	50.9854
1.58577	51.3682
1.58566	45.8732
1.58554	47.6008
1.58543	46.9591
1.58532	45.9377
1.58521	48.6272
1.5851	48.8206
1.58499	46.5207
1.58487	45.575
1.58476	46.4661
1.58465	42.6945
1.58454	42.2571
1.58443	46.0471
1.58432	46.1974
1.58421	42.6488
1.58409	43.3272
1.58398	45.6083
1.58387	46.4692
1.58376	42.4754
1.58365	43.2498
1.58354	41.9049
1.58343	40.648
1.58331	43.0174
1.5832	41.6602
1.58309	39.4177
1.58298	39.7141
1.58287	40.5312
1.58276	44.0553
1.58265	42.9695
1.58254	42.5084
1.58242	39.458
1.58231	41.0288
1.5822	37.5539
1.58209	37.8415
1.58198	38.9608
1.58187	35.9439
1.58176	39.8254
1.58165	41.3885
1.58153	40.7388
1.58142	37.3908
1.58131	38.5465
1.5812	36.9595
1.58109	37.3376
1.58098	39.8521
1.58087	39.9356
1.58076	37.5174
1.58065	36.1342
1.58054	36.474
1.58042	38.3362
1.58031	35.638
1.5802	37.0327
1.58009	38.3635
1.57998	35.9719
1.57987	38.178
1.57976	34.4024
1.57965	34.7703
1.57954	34.5793
1.57943	33.896
1.57932	35.2431
1.5792	36.6256
1.57909	39.6021
1.57898	37.4092
1.57887	35.1863
1.57876	36.0444
1.57865	34.2236
1.57854	35.5212
1.57843	34.5463
1.57832	34.348
1.57821	35.4529
1.5781	32.602
1.57799	34.8328
1.57788	34.4486
1.57777	34.567
1.57766	36.3813
1.57754	34.998
1.57743	34.5762
1.57732	33.6998
1.57721	34.4544
1.5771	32.3096
1.57699	32.4225
1.57688	33.2878
1.57677	35.2553
1.57666	35.58
1.57655	35.1111
1.57644	32.0887
1.57633	31.4304
1.57622	32.9606
1.57611	32.6077
1.576	34.6976
1.57589	32.0676
1.57578	34.4408
1.57567	35.5397
1.57556	33.0581
1.57545	30.4582
1.57534	31.8932
1.57523	34.0812
1.57512	32.0017
1.57501	32.8123
1.5749	36.7137
1.57479	35.2367
1.57468	33.418
1.57457	30.2726
1.57446	35.1053
1.57435	34.1847
1.57424	32.5205
1.57413	34.2319
1.57402	32.3794
1.57391	34.7614
1.5738	31.4221
1.57369	29.0935
1.57358	34.246
1.57347	34.9917
1.57336	32.9938
1.57325	33.9481
1.57314	36.4729
1.57303	34.2619
1.57292	34.4462
1.57281	30.5861
1.5727	36.2718
1.57259	35.3071
1.57248	34.6175
1.57237	38.5221
1.57226	37.1632
1.57215	37.9654
1.57204	30.9671
1.57193	33.5166
1.57182	35.1974
1.57171	34.3348
1.5716	32.5804
1.57149	34.178
1.57138	36.5964
1.57127	35.5841
1.57116	33.2548
1.57105	35.5981
1.57094	37.4842
1.57083	35.6367
1.57072	36.7724
1.57061	35.3069
1.5705	33.3365
1.57039	33.4032
1.57028	32.1506
1.57017	33.9529
1.57007	30.6476
1.56996	33.7892
1.56985	32.4619
1.56974	30.1535
1.56963	31.4474
1.56952	31.817
1.56941	27.2589
1.5693	29.3003
1.56919	29.2764
1.56908	30.1732
1.56897	30.8043
1.56886	31.2471
1.56875	28.3007
1.56864	28.6269
1.56853	26.1941
1.56843	27.6601
1.56832	27.0856
1.56821	27.3203
1.5681	24.4205
1.56799	25.4562
1.56788	23.8724
1.56777	23.5412
1.56766	23.2294
1.56755	21.872
1.56744	21.0972
1.56733	23.9214
1.56722	22.3484
1.56712	21.962
1.56701	23.1965
1.5669	22.9656
1.56679	20.805
1.56668	21.9609
1.56657	22.3778
1.56646	24.2387
1.56635	24.7497
1.56624	21.0131
1.56614	19.6306
1.56603	22.369
1.56592	23.4956
1.56581	24.0248
1.5657	21.5264
1.56559	23.1104
1.56548	23.4749
1.56537	23.0402
1.56526	23.502
1.56516	26.4725
1.56505	25.4517
1.56494	28.0624
1.56483	27.1157
1.56472	26.241
1.56461	27.2687
1.5645	28.2294
1.56439	25.7075
1.56429	27.4936
1.56418	27.7211
1.56407	30.9524
1.56396	28.2318
1.56385	30.0334
1.56374	28.1466
1.56363	26.7784
1.56353	30.6637
1.56342	27.0922
1.56331	29.0255
1.5632	29.6409
1.56309	30.7711
1.56298	29.9986
1.56287	26.6536
1.56277	25.9833
1.56266	29.8635
1.56255	28.4257
1.56244	29.1353
1.56233	29.5666
1.56222	29.21
1.56212	29.3601
1.56201	26.5128
1.5619	27.5448
1.56179	27.9267
1.56168	26.3523
1.56157	27.0237
1.56147	27.6909
1.56136	24.8655
1.56125	24.388
1.56114	25.2062
1.56103	24.3189
1.56093	25.049
1.56082	24.6788
1.56071	24.2087
1.5606	24.0541
1.56049	21.2833
1.56038	21.5616
1.56028	21.0894
1.56017	20.5825
1.56006	21.5948
1.55995	19.3428
1.55984	20.6268
1.55974	21.8077
1.55963	18.7355
1.55952	18.8831
1.55941	18.6761
1.5593	17.5392
1.5592	18.1898
1.55909	18.5301
1.55898	17.276
1.55887	17.8679
1.55877	18.1318
1.55866	17.5553
1.55855	18.0946
1.55844	17.5393
1.55833	20.082
1.55823	17.8058
1.55812	19.5237
1.55801	18.1178
1.5579	19.7314
1.5578	20.0486
1.55769	18.8711
1.55758	19.0811
1.55747	21.0291
1.55736	19.5089
1.55726	20.9229
1.55715	21.5766
1.55704	21.2132
1.55693	20.2366
1.55683	19.9405
1.55672	21.1736
1.55661	24.5321
1.5565	22.8026
1.5564	22.4577
1.55629	21.1316
1.55618	22.8941
1.55607	20.798
1.55597	20.5682
1.55586	19.8873
1.55575	21.9261
1.55564	21.2816
1.55554	20.7738
1.55543	22.7787
1.55532	22.6456
1.55521	20.0492
1.55511	20.6078
1.555	18.7313
1.55489	20.302
1.55479	22.152
1.55468	20.4667
1.55457	21.4008
1.55446	20.5945
1.55436	17.9941
1.55425	19.8214
1.55414	19.604
1.55403	21.8523
1.55393	19.0632
1.55382	20.2151
1.55371	21.6274
1.55361	21.1351
1.5535	19.5282
1.55339	21.1843
1.55329	19.36
1.55318	19.2949
1.55307	21.0718
1.55296	19.5692
1.55286	18.9745
1.55275	16.9518
1.55264	19.8051
1.55254	18.7786
1.55243	18.6083
1.55232	18.633
1.55221	19.7938
1.55211	20.8593
1.552	18.0005
1.55189	16.8616
1.55179	16.2451
1.55168	18.7068
1.55157	18.8043
1.55147	18.8508
1.55136	19.4405
1.55125	19.5237
1.55115	20.3981
1.55104	17.8397
1.55093	18.3
1.55083	15.8126
1.55072	17.3257
1.55061	16.4972
1.55051	18.6451
1.5504	18.0289
1.55029	17.8957
1.55019	16.8749
1.55008	15.6759
1.54997	16.6378
1.54987	15.8065
1.54976	16.7741
1.54965	18.5236
1.54955	18.0208
1.54944	18.179
1.54933	17.1087
1.54923	19.1536
1.54912	16.6668
1.54901	17.9097
1.54891	17.1018
1.5488	19.7717
1.54869	15.7143
1.54859	16.6243
1.54848	14.6743
1.54838	16.348
1.54827	16.5518
1.54816	15.7365
1.54806	14.7444
1.54795	15.4125
1.54784	16.6208
1.54774	17.3703
1.54763	15.449
1.54753	13.8469
1.54742	14.4643
1.54731	17.1789
1.54721	15.5568
1.5471	17.1102
1.54699	17.2553
1.54689	16.6648
1.54678	17.3684
1.54668	14.7474
1.54657	16.7123
1.54646	15.9708
1.54636	16.3215
1.54625	17.4596
1.54614	16.2569
1.54604	15.6813
1.54593	16.4041
1.54583	14.693
1.54572	16.3386
1.54561	16.4381
1.54551	16.5481
1.5454	18.0297
1.5453	15.5582
1.54519	15.6034
1.54508	16.4793
1.54498	16.1728
1.54487	15.05
1.54477	16.7115
1.54466	16.082
1.54456	14.4383
1.54445	15.5636
1.54434	16.1361
1.54424	17.2892
1.54413	15.3048
1.54403	14.2952
1.54392	14.3959
1.54382	17.1582
1.54371	16.9331
1.5436	15.6809
1.5435	14.9825
1.54339	16.6245
1.54329	13.2281
1.54318	13.8459
1.54308	14.9044
1.54297	15.6578
1.54286	16.1101
1.54276	14.5823
1.54265	14.7241
1.54255	13.9698
1.54244	15.2688
1.54234	15.2855
1.54223	15.811
1.54213	16.2866
1.54202	14.718
1.54191	15.3773
1.54181	15.0431
1.5417	14.8203
1.5416	14.8591
1.54149	13.3871
1.54139	14.8889
1.54128	14.2464
1.54118	15.1417
1.54107	13.071
1.54097	14.3924
1.54086	13.229
1.54075	13.6332
1.54065	12.9448
1.54054	13.4839
1.54044	14.2374
1.54033	14.6683
1.54023	14.8609
1.54012	14.3529
1.54002	13.8577
1.53991	12.6709
1.53981	12.8365
1.5397	14.5605
1.5396	12.9004
1.53949	13.2357
1.53939	13.9257
1.53928	12.5917
1.53918	13.9622
1.53907	12.5077
1.53897	12.1693
1.53886	12.5427
1.53876	13.407
1.53865	12.1581
1.53855	12.9275
1.53844	13.9325
1.53834	14.2274
1.53823	12.6453
1.53813	13.2391
1.53802	13.1564
1.53792	13.6789
1.53781	13.5179
1.53771	13.2183
1.5376	12.8402
1.5375	11.6386
1.53739	12.973
1.53729	12.3428
1.53718	11.9647
1.53708	11.9273
1.53697	14.3914
1.53687	13.0914
1.53676	12.8953
1.53666	12.2971
1.53655	12.1633
1.53645	11.7627
1.53634	13.3254
1.53624	11.5428
1.53614	12.6735
1.53603	12.4109
1.53593	12.6855
1.53582	12.3576
1.53572	13.0103
1.53561	11.4466
1.53551	11.1577
1.5354	13.1742
1.5353	13.9028
1.53519	14.5584
1.53509	13.1096
1.53499	13.6558
1.53488	12.8229
1.53478	14.1912
1.53467	13.8461
1.53457	12.7097
1.53446	13.4729
1.53436	13.1397
1.53425	13.7666
1.53415	13.8344
1.53405	13.2575
1.53394	14.3861
1.53384	14.9657
1.53373	14.9754
1.53363	15.4492
1.53352	15.9361
1.53342	13.8043
1.53332	14.2134
1.53321	13.7639
1.53311	13.9924
1.533	14.5825
1.5329	14.5626
1.53279	13.6271
1.53269	15.4234
1.53259	14.9451
1.53248	13.7043
1.53238	13.7604
1.53227	14.3128
1.53217	13.7951
1.53206	13.4687
1.53196	14.5168
1.53186	14.1833
1.53175	13.3962
1.53165	13.5858
1.53154	15.179
1.53144	12.6745
1.53134	13.1996
1.53123	14.4408
1.53113	14.7299
1.53102	14.9219
1.53092	14.971
1.53082	13.8115
1.53071	13.9852
1.53061	13.6955
1.53051	12.5596
1.5304	14.845
1.5303	14.4335
1.53019	15.3402
1.53009	15.2098
1.52999	13.1226
1.52988	14.3085
1.52978	13.5522
1.52967	12.3555
1.52957	14.6838
1.52947	14.7959
1.52936	15.06
1.52926	13.0909
1.52916	13.6359
1.52905	15.076
1.52895	12.3888
1.52885	12.6693
1.52874	13.8247
1.52864	14.7285
1.52853	13.7596
1.52843	13.6812
1.52833	14.6679
1.52822	15.3424
1.52812	14.7195
1.52802	13.6929
1.52791	13.1
1.52781	15.1857
1.52771	14.5512
1.5276	14.0709
1.5275	12.963
1.5274	13.552
1.52729	13.3416
1.52719	13.3869
1.52709	13.5191
1.52698	14.007
1.52688	13.66
1.52678	14.3356
1.52667	14.5034
1.52657	14.9459
1.52647	12.9703
1.52636	13.1969
1.52626	13.7785
1.52616	12.934
1.52605	13.8469
1.52595	12.8748
1.52585	13.6976
1.52574	14.5232
1.52564	14.0373
1.52554	12.2709
1.52543	12.4008
1.52533	12.9158
1.52523	13.5111
1.52512	13.9312
1.52502	14.3453
1.52492	13.7537
1.52481	12.9778
1.52471	13.2252
1.52461	12.1807
1.5245	11.7666
1.5244	12.9517
1.5243	14.1869
1.5242	12.4077
1.52409	13.9798
1.52399	12.5289
1.52389	11.7544
1.52378	11.9964
1.52368	11.3203
1.52358	10.1368
1.52348	11.8604
1.52337	11.7738
1.52327	9.71117
1.52317	9.83204
1.52306	10.1799
1.52296	9.88464
1.52286	10.5266
1.52276	10.8074
1.52265	10.4472
1.52255	10.946
1.52245	10.6595
1.52234	10.1978
1.52224	11.9289
1.52214	11.8151
1.52204	11.0793
1.52193	10.8815
1.52183	12.0405
1.52173	12.659
1.52163	11.4533
1.52152	11.1733
1.52142	12.3851
1.52132	12.0469
1.52121	12.6141
1.52111	12.7908
1.52101	12.7009
1.52091	10.8793
1.5208	12.273
1.5207	12.8134
1.5206	13.0535
1.5205	12.8433
1.52039	11.6997
1.52029	11.4187
1.52019	10.5573
1.52009	10.9177
1.51998	12.8553
1.51988	11.4819
1.51978	11.3154
1.51968	12.1118
1.51958	10.4966
1.51947	10.7347
1.51937	10.6196
1.51927	10.9779
1.51917	11.2246
1.51906	10.6942
1.51896	9.91051
1.51886	9.83898
1.51876	9.91804
1.51865	9.86632
1.51855	9.72587
1.51845	9.72857
1.51835	10.6961
1.51825	11.0876
1.51814	10.3375
1.51804	8.26985
1.51794	11.3783
1.51784	9.7487
1.51774	10.824
1.51763	11.4538
1.51753	12.7839
1.51743	12.1824
1.51733	13.1143
1.51722	11.5986
1.51712	11.5124
1.51702	11.7809
1.51692	12.777
1.51682	12.3531
1.51671	12.1907
1.51661	14.0956
1.51651	13.2686
1.51641	13.8007
1.51631	13.4845
1.51621	12.766
1.5161	12.3114
1.516	13.6118
1.5159	13.7494
1.5158	13.1166
1.5157	14.6219
1.51559	12.6488
1.51549	14.0125
1.51539	13.9307
1.51529	14.2794
1.51519	11.6575
1.51509	14.4397
1.51498	10.6728
1.51488	11.8727
1.51478	12.15
1.51468	12.2363
1.51458	11.518
1.51448	10.4476
1.51437	10.4708
1.51427	12.6649
1.51417	11.293
1.51407	11.3197
1.51397	11.1371
1.51387	10.8977
1.51376	10.3896
1.51366	9.56143
1.51356	9.40633
1.51346	11.3621
1.51336	10.196
1.51326	9.76536
1.51316	9.55687
1.51305	10.1654
1.51295	9.16567
1.51285	9.4423
1.51275	8.26981
1.51265	9.44878
1.51255	9.60309
1.51245	9.83483
1.51234	9.2199
1.51224	9.784
1.51214	11.0474
1.51204	10.1378
1.51194	8.49733
1.51184	10.2587
1.51174	8.85826
1.51163	9.26804
1.51153	9.59648
1.51143	10.8586
1.51133	10.2767
1.51123	11.2065
1.51113	9.88741
1.51103	12.3143
1.51093	12.8035
1.51082	12.4654
1.51072	13.038
1.51062	11.8763
1.51052	13.3148
1.51042	11.6327
1.51032	11.4089
1.51022	13.487
1.51012	12.3712
1.51002	14.276
1.50992	14.0601
1.50981	14.2653
1.50971	14.2468
1.50961	14.179
1.50951	14.0483
1.50941	12.7732
1.50931	13.4109
1.50921	12.7706
1.50911	13.2158
1.50901	14.0087
1.50891	13.332
1.5088	13.2543
1.5087	12.3693
1.5086	11.4581
1.5085	11.7966
1.5084	12.4689
1.5083	12.1707
1.5082	10.9895
1.5081	12.3237
1.508	11.1303
1.5079	10.246
1.5078	11.2914
1.5077	9.71587
1.5076	10.7178
1.50749	10.786
1.50739	10.8251
1.50729	9.10678
1.50719	10.5924
1.50709	9.32176
1.50699	10.0664
1.50689	8.66948
1.50679	8.45223
1.50669	8.26789
1.50659	9.8131
1.50649	8.60931
1.50639	9.47725
1.50629	8.38139
1.50619	9.7127
1.50609	8.23921
1.50599	9.54714
1.50589	9.66737
1.50578	10.319
1.50568	8.94982
1.50558	11.5585
1.50548	10.6071
1.50538	10.2795
1.50528	10.8258
1.50518	11.3381
1.50508	11.5438
1.50498	12.3057
1.50488	12.0672
1.50478	12.1146
1.50468	12.1243
1.50458	11.9855
1.50448	12.4908
1.50438	11.7641
1.50428	11.1001
1.50418	12.2511
1.50408	9.79928
1.50398	10.6028
1.50388	10.6963
1.50378	10.7201
1.50368	10.7845
1.50358	9.96009
1.50348	10.6472
1.50338	9.0148
1.50328	8.65141
1.50318	8.9325
1.50308	8.71503
1.50298	9.57057
1.50288	9.46823
1.50278	8.67383
1.50268	7.44873
1.50258	9.73238
1.50248	9.69372
1.50238	8.95994
1.50228	9.07044
1.50218	10.853
1.50208	10.062
1.50198	8.8592
1.50188	10.8084
1.50178	10.3075
1.50168	9.76258
1.50158	10.0015
1.50148	11.2038
1.50138	12.0222
1.50128	11.3296
1.50118	10.7778
1.50108	9.79687
1.50098	11.0085
1.50088	11.2974
1.50078	10.68
1.50068	10.7686
1.50058	11.1486
1.50048	11.5164
1.50038	12.6488
1.50028	10.7415
1.50018	10.0003
1.50008	10.2697
1.49998	9.13549
1.49988	11.3259
1.49978	10.5333
1.49968	11.1791
1.49958	9.89194
1.49948	12.4257
1.49938	10.3494
1.49928	10.3935
1.49919	11.5399
1.49909	9.92343
1.49899	10.4395
1.49889	11.4781
1.49879	10.303
1.49869	10.8468
1.49859	11.5264
1.49849	10.7231
1.49839	9.5477
1.49829	9.76388
1.49819	10.4355
1.49809	10.422
1.49799	11.0236
1.49789	9.8198
1.49779	10.7866
1.49769	9.8046
1.49759	10.0589
1.49749	9.24372
1.4974	10.2294
1.4973	11.2751
1.4972	10.0119
1.4971	10.2331
1.497	10.8407
1.4969	9.69129
1.4968	11.4643
1.4967	9.96196
1.4966	10.2672
1.4965	10.4637
1.4964	11.3853
1.4963	10.1177
1.4962	10.6733
1.49611	8.87449
1.49601	10.1062
1.49591	11.2758
1.49581	9.77362
1.49571	10.689
1.49561	10.7739
1.49551	11.6637
1.49541	11.1709
1.49531	10.791
1.49521	10.6073
1.49512	10.2362
1.49502	8.86069
1.49492	10.4587
1.49482	10.8323
1.49472	10.4196
1.49462	11.1318
1.49452	9.8201
1.49442	11.4822
1.49432	9.18095
1.49422	10.9479
1.49413	10.9026
1.49403	10.1941
1.49393	11.0187
1.49383	11.2237
1.49373	10.9061
1.49363	10.7445
1.49353	11.1534
1.49343	11.1167
1.49334	10.0585
1.49324	10.3673
1.49314	8.60382
1.49304	10.1688
1.49294	11.0723
1.49284	10.7598
1.49274	10.4872
1.49264	9.48939
1.49255	9.22046
1.49245	9.42478
1.49235	9.8196
1.49225	10.1122
1.49215	9.95792
1.49205	9.40689
1.49195	10.3015
1.49186	9.84556
1.49176	10.0292
1.49166	9.19215
1.49156	9.69434
1.49146	10.3495
1.49136	10.5184
1.49126	11.0929
1.49117	10.5383
1.49107	12.1015
1.49097	8.3358
1.49087	9.27607
1.49077	9.67563
1.49067	9.96759
1.49058	10.5958
1.49048	12.0286
1.49038	9.30802
1.49028	11.1547
1.49018	9.67677
1.49008	9.60211
1.48999	8.4724
1.48989	9.54126
1.48979	9.6022
1.48969	10.2847
1.48959	10.4693
1.48949	9.65141
1.4894	12.0819
1.4893	9.96779
1.4892	9.93173
1.4891	10.4099
1.489	9.22101
1.48891	10.179
1.48881	9.23778
1.48871	11.4325
1.48861	10.7141
1.48851	10.1562
1.48842	10.6389
1.48832	8.77135
1.48822	9.24656
1.48812	10.7789
1.48802	9.89
1.48792	11.0304
1.48783	10.9827
1.48773	11.9769
1.48763	9.32637
1.48753	9.00676
1.48743	10.7428
1.48734	8.91544
1.48724	9.91087
1.48714	9.99481
1.48704	9.89546
1.48695	11.4712
1.48685	8.72348
1.48675	10.0364
1.48665	10.3686
1.48655	9.67059
1.48646	10.7064
1.48636	9.04584
1.48626	10.0247
1.48616	11.0374
1.48606	10.2377
1.48597	9.75216
1.48587	9.82577
1.48577	9.31325
1.48567	9.97691
1.48558	9.25571
1.48548	8.82315
1.48538	9.78731
1.48528	8.92521
1.48519	10.878
1.48509	9.09545
1.48499	9.36191
1.48489	9.32213
1.4848	9.6216
1.4847	8.4684
1.4846	9.51064
1.4845	10.7662
1.4844	9.74094
1.48431	8.07281
1.48421	9.63831
1.48411	8.22114
1.48401	9.55834
1.48392	9.36176
1.48382	9.65945
1.48372	9.00516
1.48363	9.75358
1.48353	8.76151
1.48343	9.52255
1.48333	8.31134
1.48324	9.33472
1.48314	8.85747
1.48304	9.29025
1.48294	8.88809
1.48285	9.59027
1.48275	10.071
1.48265	9.11248
1.48255	8.54348
1.48246	9.19605
1.48236	9.12379
1.48226	9.55905
1.48217	9.71068
1.48207	9.39532
1.48197	10.4613
1.48187	11.1357
1.48178	10.0914
1.48168	8.60865
1.48158	10.5293
1.48148	9.66968
1.48139	9.65201
1.48129	9.18994
1.48119	8.81336
1.4811	10.7522
1.481	9.6664
1.4809	10.6932
1.48081	10.0744
1.48071	9.59408
1.48061	10.2378
1.48051	10.8464
1.48042	9.45849
1.48032	11.4136
1.48022	11.8671
1.48013	11.6606
1.48003	11.0178
1.47993	10.8839
1.47984	12.001
1.47974	10.5384
1.47964	12.776
1.47954	11.8948
1.47945	11.9471
1.47935	12.0189
1.47925	11.257
1.47916	10.6794
1.47906	10.9469
1.47896	11.6151
1.47887	12.0588
1.47877	10.6043
1.47867	11.9568
1.47858	10.6935
1.47848	9.61736
1.47838	11.8837
1.47829	10.6089
1.47819	10.7051
1.47809	9.25304
1.478	9.57267
1.4779	10.0246
1.4778	9.76449
1.47771	9.90295
1.47761	9.61919
1.47751	9.30899
1.47742	8.59706
1.47732	7.8448
1.47722	8.78704
1.47713	8.48226
1.47703	9.31349
1.47693	8.3063
1.47684	9.177
1.47674	9.01033
1.47664	9.59989
1.47655	7.07022
1.47645	10.5422
1.47635	10.2183
1.47626	8.4356
1.47616	10.429
1.47607	9.09158
1.47597	9.12004
1.47587	10.2404
1.47578	8.24318
1.47568	8.41817
1.47558	8.10771
1.47549	9.3804
1.47539	8.8625
1.47529	9.33407
1.4752	10.0397
1.4751	11.2008
1.47501	9.54199
1.47491	7.9884
1.47481	8.48792
1.47472	8.14414
1.47462	8.79807
1.47452	8.33727
1.47443	9.47953
1.47433	9.53619
1.47424	8.77726
1.47414	9.05689
1.47404	7.74727
1.47395	8.548
1.47385	8.68253
1.47376	8.59865
1.47366	8.02211
1.47356	9.44854
1.47347	9.60279
1.47337	8.40686
1.47328	7.9746
1.47318	8.20091
1.47308	8.34699
1.47299	8.03092
1.47289	9.24062
1.4728	8.44511
1.4727	7.98429
1.4726	8.61441
1.47251	8.73669
1.47241	7.90975
1.47232	7.63567
1.47222	8.85223
1.47212	7.18226
1.47203	7.81516
1.47193	9.53667
1.47184	9.33837
1.47174	8.54998
1.47164	9.75554
1.47155	8.56964
1.47145	8.19922
1.47136	8.03733
1.47126	8.82917
1.47117	7.24156
1.47107	9.25846
1.47097	9.55666
1.47088	9.93396
1.47078	10.233
1.47069	9.63429
1.47059	8.62516
1.4705	10.8492
1.4704	9.50622
1.4703	10.9034
1.47021	11.7839
1.47011	11.233
1.47002	13.0669
1.46992	11.301
1.46983	11.2884
1.46973	11.6958
1.46964	12.0035
1.46954	11.8136
1.46944	12.5453
1.46935	14.0256
1.46925	13.2394
1.46916	11.8111
1.46906	12.8908
1.46897	11.9776
1.46887	11.3432
1.46878	11.8102
1.46868	11.7927
1.46859	12.0769
1.46849	11.2368
1.46839	12.9779
1.4683	11.9976
1.4682	10.7713
1.46811	11.7516
1.46801	10.1533
1.46792	10.325
1.46782	11.5071
1.46773	11.1035
1.46763	10.4374
1.46754	10.7109
1.46744	9.95975
1.46735	11.0593
1.46725	8.47661
1.46716	9.39223
1.46706	9.5348
1.46697	7.20418
1.46687	9.49788
1.46677	7.70873
1.46668	7.96095
1.46658	8.33871
1.46649	9.21898
1.46639	8.37708
1.4663	7.88194
1.4662	6.78582
1.46611	8.17824
1.46601	8.96676
1.46592	9.01553
1.46582	9.12439
1.46573	8.961
1.46563	7.77558
1.46554	7.54416
1.46544	8.3234
1.46535	9.43734
1.46525	8.97959
1.46516	9.16765
1.46506	9.82061
1.46497	11.393
1.46487	9.77493
1.46478	10.025
1.46468	9.80054
1.46459	10.7714
1.46449	11.1051
1.4644	11.5916
1.46431	11.7776
1.46421	12.7144
1.46412	10.2028
1.46402	10.8595
1.46393	12.2399
1.46383	11.2145
1.46374	12.2924
1.46364	13.1752
1.46355	13.6921
1.46345	13.1242
1.46336	10.9613
1.46326	11.5012
1.46317	14.0058
1.46307	11.1059
1.46298	12.3096
1.46288	10.8457
1.46279	10.8349
1.4627	11.8226
1.4626	11.2657
1.46251	14.8211
1.46241	12.6091
1.46232	11.9236
1.46222	10.0844
1.46213	11.5513
1.46203	10.3815
1.46194	10.1355
1.46184	11.3244
1.46175	11.7044
1.46166	10.7178
1.46156	11.3952
1.46147	11.4681
1.46137	9.3395
1.46128	9.40794
1.46118	8.9393
1.46109	9.14826
1.46099	10.1829
1.4609	11.1348
1.46081	11.7369
1.46071	10.0961
1.46062	10.8461
1.46052	9.14525
1.46043	7.88941
1.46033	7.38809
1.46024	9.23573
1.46014	8.66354
1.46005	11.2516
1.45996	10.9657
1.45986	9.10741
1.45977	10.3143
1.45967	10.7925
1.45958	9.94141
1.45949	8.87525
1.45939	9.94094
1.4593	9.24536
1.4592	10.8244
1.45911	10.3238
1.45901	10.2458
1.45892	9.76004
1.45883	9.87912
1.45873	10.1338
1.45864	9.2081
1.45854	9.90685
1.45845	11.6955
1.45836	11.1207
1.45826	10.49
1.45817	9.67604
1.45807	11.2495
1.45798	9.8258
1.45789	9.98426
1.45779	9.72016
1.4577	10.3103
1.4576	10.5525
1.45751	11.7245
1.45742	10.2012
1.45732	10.9138
1.45723	11.1603
1.45713	8.97932
1.45704	9.44055
1.45695	9.61743
1.45685	10.2021
1.45676	9.55898
1.45667	9.8242
1.45657	9.93685
1.45648	8.09483
1.45638	9.36491
1.45629	9.19428
1.4562	8.67794
1.4561	8.96044
1.45601	8.51332
1.45592	8.98758
1.45582	9.4013
1.45573	10.0511
1.45563	9.73547
1.45554	9.11781
1.45545	8.51045
1.45535	8.75449
1.45526	8.46145
1.45517	8.33461
1.45507	10.5214
1.45498	9.45867
1.45489	9.80884
1.45479	9.9745
1.4547	10.4583
1.4546	10.1516
1.45451	9.79359
1.45442	10.0904
1.45432	10.6613
1.45423	10.6864
1.45414	10.1839
1.45404	11.282
1.45395	10.5504
1.45386	10.5033
1.45376	10.5667
1.45367	9.62096
1.45358	11.6416
1.45348	12.388
1.45339	11.4079
1.4533	12.3547
1.4532	12.3173
1.45311	11.5602
1.45302	13.4596
1.45292	13.2249
1.45283	13.9856
1.45274	11.1853
1.45264	10.933
1.45255	11.0159
1.45246	13.1724
1.45236	11.7737
1.45227	11.6873
1.45218	13.0915
1.45208	13.2435
1.45199	12.8834
1.4519	10.8327
1.4518	11.8684
1.45171	11.0814
1.45162	10.374
1.45153	12.2946
1.45143	9.83805
1.45134	10.8902
1.45125	10.7302
1.45115	8.92937
1.45106	11.8543
1.45097	10.9404
1.45087	10.6849
1.45078	10.7436
1.45069	11.6042
1.45059	10.2907
1.4505	8.60694
1.45041	8.60971
1.45032	8.23893
1.45022	8.08074
1.45013	8.94467
1.45004	7.56533
1.44994	9.65347
1.44985	9.40544
1.44976	8.98034
1.44967	9.22485
1.44957	7.64622
1.44948	7.5248
1.44939	8.24685
1.44929	7.29859
1.4492	7.91696
1.44911	8.24485
1.44902	8.00117
1.44892	8.80712
1.44883	8.17717
1.44874	7.92478
1.44864	9.12415
1.44855	7.91847
1.44846	9.66298
1.44837	7.45763
1.44827	9.67399
1.44818	8.20866
1.44809	9.45996
1.448	8.53448
1.4479	8.77809
1.44781	10.0778
1.44772	9.24183
1.44762	9.0413
1.44753	10.2474
1.44744	8.52836
1.44735	9.45446
1.44725	10.393
1.44716	10.4469
1.44707	9.88848
1.44698	9.69251
1.44688	10.4268
1.44679	9.35071
1.4467	10.5279
1.44661	11.4468
1.44651	12.2163
1.44642	11.3836
1.44633	11.087
1.44624	10.5532
1.44614	10.6758
1.44605	10.7613
1.44596	11.0057
1.44587	12.7321
1.44578	11.8701
1.44568	12.2925
1.44559	12.4451
1.4455	14.0574
1.44541	12.7359
1.44531	12.1777
1.44522	12.0062
1.44513	12.659
1.44504	13.9349
1.44494	13.5561
1.44485	13.5803
1.44476	13.2866
1.44467	14.8728
1.44458	12.6555
1.44448	12.8727
1.44439	11.7189
1.4443	11.0976
1.44421	12.4993
1.44411	11.8828
1.44402	11.535
1.44393	13.0262
1.44384	15.0603
1.44375	14.3352
1.44365	12.9462
1.44356	12.3203
1.44347	12.4051
1.44338	12.8153
1.44329	12.0106
1.44319	11.2083
1.4431	12.9537
1.44301	11.9398
1.44292	13.7714
1.44283	13.023
1.44273	12.627
1.44264	13.8849
1.44255	12.9675
1.44246	11.1472
1.44237	10.7371
1.44227	12.5304
1.44218	13.7632
1.44209	11.6466
1.442	11.0554
1.44191	12.0025
1.44182	9.67163
1.44172	12.1704
1.44163	12.2599
1.44154	11.024
1.44145	13.1089
1.44136	14.0377
1.44126	10.4257
1.44117	12.6761
1.44108	12.0037
1.44099	10.9269
1.4409	11.0807
1.44081	11.0819
1.44071	12.5986
1.44062	12.115
1.44053	10.9525
1.44044	14.4154
1.44035	12.0972
1.44026	10.7856
1.44016	11.2633
1.44007	10.9463
1.43998	12.4927
1.43989	10.8727
1.4398	13.2053
1.43971	10.3292
1.43961	10.6015
1.43952	11.3171
1.43943	11.7626
1.43934	11.7366
1.43925	11.5073
1.43916	11.4296
1.43907	11.1585
1.43897	11.6747
1.43888	11.8745
1.43879	11.027
1.4387	12.5141
1.43861	11.9986
1.43852	11.2431
1.43843	11.5612
1.43833	10.9116
1.43824	10.2945
1.43815	12.8962
1.43806	11.7022
1.43797	11.1403
1.43788	10.9845
1.43779	10.5949
1.43769	12.1468
1.4376	10.8388
1.43751	11.346
1.43742	11.5403
1.43733	11.502
1.43724	9.68391
1.43715	11.3499
1.43706	11.4055
1.43696	11.5473
1.43687	11.384
1.43678	11.6941
1.43669	12.3914
1.4366	11.6579
1.43651	12.3185
1.43642	12.1207
1.43633	9.8141
1.43624	11.9672
1.43614	13.1895
1.43605	11.09
1.43596	11.9283
1.43587	11.3538
1.43578	11.686
1.43569	8.98765
1.4356	11.3771
1.43551	10.8397
1.43542	9.95788
1.43533	12.9887
1.43523	10.0623
1.43514	9.17961
1.43505	9.20139
1.43496	9.45994
1.43487	11.1442
1.43478	9.68162
1.43469	9.31035
1.4346	8.98276
1.43451	10.0287
1.43442	8.86646
1.43432	8.69549
1.43423	9.43446
1.43414	8.07962
1.43405	8.5835
1.43396	8.81646
1.43387	9.22985
1.43378	8.68934
1.43369	9.39874
1.4336	8.68193
1.43351	9.75545
1.43342	8.75004
1.43333	8.38495
1.43324	9.01913
1.43314	8.46378
1.43305	9.40892
1.43296	8.92842
1.43287	9.9853
1.43278	9.32976
1.43269	9.45613
1.4326	9.49609
1.43251	8.32968
1.43242	8.01726
1.43233	8.4486
1.43224	9.08804
1.43215	9.99408
1.43206	8.03199
1.43197	8.44886
1.43188	7.92185
1.43179	8.59418
1.4317	8.03721
1.4316	8.78529
1.43151	7.1609
1.43142	8.31521
1.43133	9.04816
1.43124	8.33779
1.43115	8.23716
1.43106	8.78518
1.43097	8.28685
1.43088	8.29408
1.43079	8.92297
1.4307	8.27626
1.43061	6.9795
1.43052	9.7464
1.43043	7.81182
1.43034	8.57887
1.43025	8.45968
1.43016	8.58912
1.43007	6.74273
1.42998	7.48816
1.42989	8.46073
1.4298	7.91302
1.42971	8.46003
1.42962	8.13698
1.42953	9.12051
1.42944	7.63559
1.42935	7.11446
1.42926	8.17719
1.42917	8.81153
1.42908	7.84377
1.42899	8.05612
1.4289	8.24918
1.4288	7.58774
1.42871	8.40414
1.42862	7.66911
1.42853	8.38995
1.42844	7.62205
1.42835	8.1435
1.42826	8.15817
1.42817	8.47939
1.42808	8.51582
1.42799	7.79191
1.4279	8.02517
1.42781	9.62645
1.42772	8.7215
1.42763	8.21993
1.42754	7.81797
1.42745	7.8355
1.42736	8.05994
1.42727	7.75016
1.42718	8.37511
1.42709	8.18589
1.427	7.76171
1.42691	8.10812
1.42683	7.77344
1.42674	8.48458
1.42665	7.88647
1.42656	8.21305
1.42647	8.22001
1.42638	7.92416
1.42629	7.51344
1.4262	8.43847
1.42611	7.6527
1.42602	7.42235
1.42593	7.55051
1.42584	8.43891
1.42575	7.73911
1.42566	7.77455
1.42557	7.46986
1.42548	7.88739
1.42539	7.36216
1.4253	7.71512
1.42521	7.84998
1.42512	8.21045
1.42503	8.48744
1.42494	7.72275
1.42485	7.13613
1.42476	7.5136
1.42467	7.76543
1.42458	7.8728
1.42449	8.37147
1.4244	8.0173
1.42431	7.87559
1.42422	8.671
1.42413	8.72821
1.42404	8.84003
1.42396	8.19755
1.42387	7.77803
1.42378	7.78062
1.42369	8.4292
1.4236	8.79457
1.42351	8.58981
1.42342	7.90481
1.42333	8.60443
1.42324	9.02761
1.42315	8.34609
1.42306	8.75956
1.42297	8.53877
1.42288	8.79972
1.42279	9.3841
1.4227	9.13907
1.42261	8.77674
1.42252	8.97829
1.42244	9.50899
1.42235	9.44259
1.42226	9.43647
1.42217	9.49585
1.42208	9.21765
1.42199	10.2514
1.4219	10.7147
1.42181	10.8987
1.42172	11.5261
1.42163	11.5372
1.42154	11.0049
1.42145	10.465
1.42136	10.5853
1.42128	11.3461
1.42122	11.7861
1.42113	13.2148
1.42104	12.9154
1.42095	13.7973
1.42086	13.5758
1.42077	13.2003
1.42069	12.1245
1.4206	12.5125
1.42051	13.0265
1.42042	11.0161
1.42033	13.7686
1.42024	12.5582
1.42015	12.0184
1.42006	14.4422
1.41997	13.6467
1.41988	12.2705
1.41979	13.8741
1.4197	11.7128
1.41961	13.2651
1.41952	15.0991
1.41943	13.8834
1.41935	12.7444
1.41926	13.4449
1.41917	12.212
1.41908	11.5554
1.41899	12.0991
1.4189	12.1904
1.41881	13.0938
1.41872	10.8803
1.41863	12.5055
1.41854	13.3905
1.41845	12.2771
1.41836	12.6724
1.41827	13.253
1.41819	13.2572
1.4181	12.6768
1.41801	12.4718
1.41792	13.071
1.41783	12.7918
1.41774	12.7167
1.41765	12.5433
1.41756	13.1148
1.41747	12.4561
1.41738	12.8507
1.4173	11.1843
1.41721	11.5757
1.41712	12.0559
1.41703	12.7475
1.41694	11.7423
1.41685	10.8932
1.41676	11.1344
1.41667	13.6031
1.41658	10.7378
1.41649	13.4711
1.41641	11.6544
1.41632	11.8295
1.41623	12.6526
1.41614	10.0534
1.41605	12.5195
1.41596	11.3351
1.41587	12.0054
1.41578	11.8004
1.4157	13.0009
1.41561	12.4373
1.41552	10.8285
1.41543	11.4976
1.41534	13.4577
1.41525	12.049
1.41516	12.1235
1.41507	10.9908
1.41499	10.4026
1.4149	11.7711
1.41481	9.31531
1.41472	11.2569
1.41463	11.5511
1.41454	11.0251
1.41445	11.0797
1.41437	11.7176
1.41428	9.49629
1.41419	12.5259
1.4141	11.0929
1.41401	10.7698
1.41392	9.63603
1.41383	8.82414
1.41374	9.49251
1.41366	11.412
1.41357	11.6498
1.41348	10.4585
1.41339	11.001
1.4133	10.402
1.41321	10.5385
1.41313	10.6943
1.41304	9.87617
1.41295	10.4117
1.41286	10.7575
1.41277	9.08473
1.41268	10.6898
1.4126	11.4786
1.41251	9.60125
1.41242	9.22917
1.41233	9.91416
1.41224	9.17
1.41215	9.50137
1.41206	8.68151
1.41198	9.17356
1.41189	9.29418
1.4118	8.96027
1.41171	9.04669
1.41162	8.9121
1.41154	9.34113
1.41145	9.51136
1.41136	9.5668
1.41127	8.07042
1.41118	8.9121
1.41109	8.0481
1.41101	7.76248
1.41092	9.26501
1.41083	8.60737
1.41074	8.42014
1.41065	8.6844
1.41057	7.61704
1.41048	8.78863
1.41039	7.83502
1.4103	7.69509
1.41021	7.83256
1.41012	7.67998
1.41004	8.02401
1.40995	7.23007
1.40986	7.90162
1.40977	8.3659
1.40968	7.89561
1.4096	7.57897
1.40951	7.54549
1.40942	7.12845
1.40933	7.89865
1.40924	8.84913
1.40916	8.58204
1.40907	8.91781
1.40898	8.06133
1.40889	8.61896
1.40881	8.47671
1.40872	8.7961
1.40863	8.27524
1.40854	7.96836
1.40845	8.7001
1.40837	9.64725
1.40828	9.95713
1.40819	10.2516
1.4081	11.1365
1.40801	10.3853
1.40793	10.6969
1.40784	10.2542
1.40775	10.052
1.40766	12.1062
1.40758	12.1992
1.40749	11.8586
1.4074	13.7449
1.40731	12.6701
1.40722	12.7196
1.40714	11.7806
1.40705	11.7623
1.40696	12.1499
1.40687	13.1764
1.40679	12.4487
1.4067	11.3738
1.40661	13.9163
1.40652	12.3922
1.40644	15.067
1.40635	12.554
1.40626	13.2928
1.40617	13.3368
1.40609	13.9924
1.406	11.0596
1.40591	13.1443
1.40582	14.5388
1.40574	12.272
1.40565	12.3149
1.40556	13.2825
1.40547	11.4561
1.40539	12.398
1.4053	10.891
1.40521	12.0603
1.40512	11.5332
1.40504	11.8292
1.40495	11.7482
1.40486	13.1021
1.40477	12.8696
1.40469	12.4815
1.4046	10.98
1.40451	12.2216
1.40442	10.3298
1.40434	9.54593
1.40425	10.0962
1.40416	9.6897
1.40407	8.32116
1.40399	9.99875
1.4039	9.92081
1.40381	9.27904
1.40373	8.9046
1.40364	9.59141
1.40355	9.23656
1.40346	9.45565
1.40338	8.15497
1.40329	9.5245
1.4032	8.30955
1.40312	7.23159
1.40303	7.47329
1.40294	7.71757
1.40285	7.62116
1.40277	7.66613
1.40268	7.65474
1.40259	7.60216
1.40251	8.76335
1.40242	7.88029
1.40233	7.3209
1.40224	7.89625
1.40216	7.81582
1.40207	8.4197
1.40198	8.61373
1.4019	6.59006
1.40181	8.47489
1.40172	8.46851
1.40164	9.52154
1.40155	8.40247
1.40146	8.73793
1.40137	8.44048
1.40129	7.88347
1.4012	9.48045
1.40111	9.35105
1.40103	10.2378
1.40094	11.2257
1.40085	9.49184
1.40077	9.9067
1.40068	11.0614
1.40059	10.2475
1.40051	9.86377
1.40042	9.05593
1.40033	9.0745
1.40024	9.00237
1.40016	9.3105
1.40007	7.70481
1.39998	8.49498
1.3999	8.53181
1.39981	9.31141
1.39972	8.05822
1.39964	7.95146
1.39955	9.04495
1.39946	7.32853
1.39938	7.84862
1.39929	8.14066
1.3992	8.0082
1.39912	9.49582
1.39903	8.02813
1.39894	9.41856
1.39886	9.31029
1.39877	9.74107
1.39868	8.61182
1.3986	8.74383
1.39851	7.67115
1.39842	7.56437
1.39834	9.06776
1.39825	9.70522
1.39816	8.37858
1.39808	9.07012
1.39799	9.84682
1.39791	8.36685
1.39782	9.7612
1.39773	9.26229
1.39765	8.74668
1.39756	9.92768
1.39747	9.53813
1.39739	9.49151
1.3973	8.68297
1.39721	9.358
1.39713	9.79696
1.39704	8.97906
1.39695	9.07058
1.39687	9.05998
1.39678	10.9023
1.3967	10.0403
1.39661	10.0723
1.39652	10.5921
1.39644	10.446
1.39635	10.7345
1.39626	9.96493
1.39618	10.3097
1.39609	9.708
1.396	7.87934
1.39592	8.85541
1.39583	9.36123
1.39575	9.27667
1.39566	8.78811
1.39557	9.10347
1.39549	8.47797
1.3954	9.52181
1.39531	9.98076
1.39523	9.2455
1.39514	10.3094
1.39506	9.55995
1.39497	8.62148
1.39488	8.40431
1.3948	8.87918
1.39471	9.61525
1.39463	10.2325
1.39454	8.9377
1.39445	11.1133
1.39437	9.45001
1.39428	9.83195
1.3942	8.59323
1.39411	9.37653
1.39402	8.49538
1.39394	8.99417
1.39385	11.048
1.39377	10.6782
1.39368	9.9697
1.39359	9.85846
1.39351	9.09942
1.39342	8.42054
1.39334	9.11969
1.39325	9.88104
1.39316	9.5095
1.39308	10.5532
1.39299	10.115
1.39291	9.94132
1.39282	10.9678
1.39273	10.568
1.39265	8.93671
1.39256	10.4325
1.39248	9.36656
1.39239	9.68537
1.39231	10.8202
1.39222	11.2131
1.39213	9.97001
1.39205	12.7644
1.39196	9.88651
1.39188	12.4064
1.39179	11.4936
1.39171	9.06648
1.39162	11.2306
1.39153	10.7257
1.39145	10.9194
1.39136	10.7652
1.39128	11.6312
1.39119	10.8427
1.39111	12.8313
1.39102	11.1364
1.39093	10.9825
1.39085	12.267
1.39076	11.9447
1.39068	11.1878
1.39059	11.6743
1.39051	13.2741
1.39042	12.8799
1.39034	14.0408
1.39025	11.3583
1.39016	13.1003
1.39008	11.0599
1.38999	12.639
1.38991	12.433
1.38982	11.3601
1.38974	12.6585
1.38965	13.7801
1.38957	12.9042
1.38948	13.4559
1.38939	11.192
1.38931	14.4474
1.38922	12.0956
1.38914	11.1201
1.38905	11.3676
1.38897	10.1422
1.38888	13.9871
1.3888	12.5115
1.38871	14.0308
1.38863	13.5324
1.38854	11.6263
1.38846	13.4418
1.38837	12.2591
1.38829	12.1028
1.3882	11.0675
1.38811	12.1968
1.38803	12.0882
1.38794	11.612
1.38786	11.4749
1.38777	12.4166
1.38769	11.4754
1.3876	12.4234
1.38752	11.3839
1.38743	11.6702
1.38735	12.3732
1.38726	10.791
1.38718	11.5502
1.38709	10.9373
1.38701	10.3737
1.38692	12.49
1.38684	11.5571
1.38675	10.756
1.38667	10.3704
1.38658	9.87572
1.3865	8.30963
1.38641	9.81586
1.38633	10.4044
1.38624	10.564
1.38616	10.2178
1.38607	11.616
1.38599	9.4233
1.3859	9.90684
1.38582	8.67876
1.38573	8.92439
1.38565	9.05558
1.38556	8.07986
1.38548	9.14236
1.38539	9.01766
1.38531	6.83389
1.38522	8.46854
1.38514	7.19153
1.38505	8.575
1.38497	8.8988
1.38488	9.11629
1.3848	8.06876
1.38471	8.3568
1.38463	8.59238
1.38454	8.88768
1.38446	7.44284
1.38437	7.63598
1.38429	6.64019
1.3842	7.62505
1.38412	7.64368
1.38403	7.74029
1.38395	7.86048
1.38386	9.01267
1.38378	7.12986
1.3837	7.68887
1.38361	8.20591
1.38353	6.63515
1.38344	6.89482
1.38336	7.34703
1.38327	7.20502
1.38319	6.78863
1.3831	7.15136
1.38302	9.46543
1.38293	7.39394
1.38285	9.07979
1.38276	8.78725
1.38268	9.59362
1.3826	8.27415
1.38251	8.23806
1.38243	9.09514
1.38234	9.04164
1.38226	10.0376
1.38217	9.2167
1.38209	10.8077
1.382	11.2352
1.38192	9.81974
1.38183	9.885
1.38175	8.60001
1.38167	10.7093
1.38158	10.1272
1.3815	10.298
1.38141	11.6888
1.38133	11.8146
1.38124	11.5791
1.38116	11.501
1.38107	13.104
1.38099	13.5265
1.38091	13.1563
1.38082	12.4038
1.38074	13.8746
1.38065	13.1561
1.38057	14.7155
1.38048	14.1512
1.3804	12.5393
1.38032	13.4347
1.38023	13.1101
1.38015	14.7633
1.38006	15.1738
1.37998	15.092
1.37989	11.8643
1.37981	13.6458
1.37973	13.8765
1.37964	14.4021
1.37956	14.3321
1.37947	12.9103
1.37939	14.4542
1.37931	13.4123
1.37922	12.9086
1.37914	14.2725
1.37905	11.6014
1.37897	11.3102
1.37888	13.0929
1.3788	10.8664
1.37872	13.3767
1.37863	12.074
1.37855	11.653
1.37846	10.8537
1.37838	10.6119
1.3783	10.6497
1.37821	9.04164
1.37813	8.93774
1.37804	9.10539
1.37796	10.0435
1.37788	11.3931
1.37779	9.91855
1.37771	9.86195
1.37762	10.5154
1.37754	10.4587
1.37746	9.18939
1.37737	7.5993
1.37729	8.94755
1.3772	8.30335
1.37712	7.86136
1.37704	8.49795
1.37695	8.31337
1.37687	9.074
1.37679	7.79485
1.3767	7.79615
1.37662	7.63891
1.37653	7.97302
1.37645	7.71735
1.37637	7.38202
1.37628	6.36308
1.3762	8.45876
1.37612	8.14358
1.37603	8.01254
1.37595	7.66741
1.37586	8.22257
1.37578	7.29865
1.3757	6.35544
1.37561	6.81838
1.37553	6.8058
1.37545	7.82893
1.37536	6.04053
1.37528	7.60614
1.37519	7.12125
1.37511	8.13707
1.37503	9.33553
1.37494	8.68073
1.37486	9.35431
1.37478	8.32244
1.37469	8.22326
1.37461	9.96543
1.37453	9.1841
1.37444	10.1456
1.37436	9.56994
1.37428	10.9058
1.37419	10.0419
1.37411	11.667
1.37402	9.38655
1.37394	11.6168
1.37386	11.0934
1.37377	12.2497
1.37369	11.9157
1.37361	12.7247
1.37352	13.5754
1.37344	11.7012
1.37336	11.9401
1.37327	12.1938
1.37319	12.1866
1.37311	13.8601
1.37302	13.0255
1.37294	12.1929
1.37286	13.7083
1.37277	14.6187
1.37269	12.2938
1.37261	11.7625
1.37252	13.1158
1.37244	13.9353
1.37236	13.965
1.37227	13.5032
1.37219	14.317
1.37211	12.9238
1.37202	13.3883
1.37194	13.721
1.37186	14.4026
1.37177	14.6768
1.37169	13.044
1.37161	14.3067
1.37152	14.283
1.37144	14.4278
1.37136	12.0854
1.37128	13.9455
1.37119	13.1956
1.37111	13.2728
1.37103	13.6656
1.37094	13.9938
1.37086	11.7201
1.37078	13.8773
1.37069	12.817
1.37061	12.4449
1.37053	13.7343
1.37044	12.3231
1.37036	13.523
1.37028	11.5932
1.3702	11.468
1.37011	13.7039
1.37003	13.0272
1.36995	12.4874
1.36986	11.3465
1.36978	10.9257
1.3697	11.0937
1.36961	10.3589
1.36953	11.6661
1.36945	10.4468
1.36937	10.5543
1.36928	11.7698
1.3692	11.7485
1.36912	12.5525
1.36903	10.4552
1.36895	11.34
1.36887	10.4765
1.36879	10.8649
1.3687	10.4813
1.36862	10.0688
1.36854	11.5067
1.36845	11.0955
1.36837	10.9828
1.36829	10.5447
1.36821	10.4534
1.36812	9.1843
1.36804	10.6854
1.36796	11.1203
1.36787	10.3057
1.36779	10.3474
1.36771	11.0852
1.36763	9.64103
1.36754	9.84114
1.36746	11.1856
1.36738	10.3998
1.3673	9.86419
1.36721	8.37087
1.36713	8.08842
1.36705	9.90678
1.36697	10.1403
1.36688	10.0361
1.3668	9.59312
1.36672	11.2786
1.36664	11.1786
1.36655	11.2156
1.36647	10.2782
1.36639	9.36821
1.36631	10.2844
1.36622	10.8404
1.36614	9.59185
1.36606	10.118
1.36598	10.1365
1.36589	10.1487
1.36581	10.0399
1.36573	11.0994
1.36565	11.9571
1.36556	10.5586
1.36548	9.95086
1.3654	9.80651
1.36532	12.0594
1.36523	10.8507
1.36515	10.6278
1.36507	11.3385
1.36499	10.5287
1.3649	12.2069
1.36482	11.5815
1.36474	10.7067
1.36466	10.2659
1.36457	9.98128
1.36449	11.0478
1.36441	11.2812
1.36433	11.8787
1.36425	12.9292
1.36416	14.4366
1.36408	13.3248
1.364	12.4237
1.36392	13.0783
1.36383	12.1416
1.36375	12.3845
1.36367	11.9205
1.36359	10.4752
1.36351	13.9677
1.36342	12.717
1.36334	15.3731
1.36326	12.8285
1.36318	15.3811
1.36309	11.5475
1.36301	10.7713
1.36293	11.5266
1.36285	10.5722
1.36277	12.4593
1.36268	11.6119
1.3626	14.5302
1.36252	12.604
1.36244	11.4231
1.36236	13.3618
1.36227	11.9343
1.36219	11.5956
1.36211	12.4209
1.36203	11.5909
1.36195	11.9171
1.36186	12.5894
1.36178	12.7873
1.3617	12.2783
1.36162	12.5826
1.36154	12.1352
1.36145	11.4644
1.36137	11.9404
1.36129	10.9589
1.36121	12.5763
1.36113	12.1256
1.36104	12.4306
1.36096	11.746
1.36088	11.8067
1.3608	13.5599
1.36072	13.7726
1.36064	13.0419
1.36055	12.7443
1.36047	9.9938
1.36039	10.5607
1.36031	11.8917
1.36023	11.1694
1.36014	13.142
1.36006	11.4422
1.35998	13.4763
1.3599	14.136
1.35982	12.7097
1.35974	11.4649
1.35965	10.4285
1.35957	13.4315
1.35949	12.603
1.35941	13.4418
1.35933	12.0487
1.35925	13.1098
1.35916	11.6959
1.35908	12.3106
1.359	13.9245
1.35892	12.1462
1.35884	11.4161
1.35876	11.207
1.35867	10.4445
1.35859	11.7569
1.35851	11.413
1.35843	10.9099
1.35835	10.6681
1.35827	13.5139
1.35819	12.0554
1.3581	12.6873
1.35802	11.701
1.35794	10.1866
1.35786	8.45874
1.35778	10.3871
1.3577	8.93478
1.35762	11.4818
1.35753	9.81215
1.35745	10.9733
1.35737	9.94421
1.35729	10.5742
1.35721	9.80875
1.35713	9.33355
1.35705	10.0722
1.35696	6.99649
1.35688	8.74524
1.3568	8.55032
1.35672	8.77023
1.35664	8.41653
1.35656	8.22213
1.35648	9.13073
1.35639	8.20644
1.35631	8.53936
1.35623	7.08316
1.35615	7.19023
1.35607	6.46526
1.35599	7.4248
1.35591	7.92689
1.35583	6.80669
1.35574	6.91614
1.35566	8.08646
1.35558	7.54196
1.3555	7.91484
1.35542	7.07652
1.35534	7.61854
1.35526	7.41291
1.35518	6.51403
1.3551	7.55277
1.35501	7.61692
1.35493	8.63814
1.35485	7.69822
1.35477	9.00963
1.35469	7.58227
1.35461	8.21541
1.35453	9.12864
1.35445	8.16498
1.35437	7.66564
1.35428	8.0876
1.3542	9.49178
1.35412	8.10977
1.35404	8.66591
1.35396	8.4722
1.35388	8.44001
1.3538	8.33947
1.35372	8.64662
1.35364	8.0887
1.35356	7.27916
1.35347	8.94844
1.35339	9.24499
1.35331	8.19092
1.35323	8.16971
1.35315	10.0685
1.35307	9.13601
1.35299	9.86379
1.35291	7.8225
1.35283	8.44693
1.35275	10.1736
1.35267	7.56209
1.35259	7.72101
1.3525	8.63119
1.35242	9.4352
1.35234	9.81594
1.35226	7.4816
1.35218	9.18852
1.3521	9.46522
1.35202	8.11948
1.35194	8.18704
1.35186	8.33972
1.35178	9.20944
1.3517	8.93268
1.35162	8.67421
1.35154	10.2297
1.35145	9.90008
1.35137	8.47854
1.35129	8.46887
1.35121	8.00597
1.35113	9.47896
1.35105	7.88755
1.35097	8.49649
1.35089	9.49433
1.35081	8.3094
1.35073	8.66297
1.35065	8.46912
1.35057	7.87411
1.35049	9.80802
1.35041	8.34283
1.35033	9.89892
1.35025	10.0453
1.35016	9.63326
1.35008	10.0833
1.35	9.58039
1.34992	11.8352
1.34984	9.54256
1.34976	11.5649
1.34968	9.69341
1.3496	11.7918
1.34952	11.7878
1.34944	12.3109
1.34936	10.3319
1.34928	11.9758
1.3492	11.84
1.34912	10.8258
1.34904	9.86926
1.34896	11.3109
1.34888	10.5559
1.3488	10.8936
1.34872	10.3862
1.34864	12.6114
1.34856	10.7834
1.34848	10.8621
1.3484	9.71781
1.34832	12.3193
1.34824	11.9109
1.34815	11.6143
1.34807	11.4682
1.34799	11.852
1.34791	11.8863
1.34783	10.7987
1.34775	11.0437
1.34767	11.0005
1.34759	9.647
1.34751	13.5989
1.34743	10.4552
1.34735	11.0404
1.34727	12.551
1.34719	12.4986
1.34711	13.8272
1.34703	12.1843
1.34695	13.6752
1.34687	13.8238
1.34679	12.8418
1.34671	12.3581
1.34663	13.1126
1.34655	13.089
1.34647	12.9051
1.34639	14.7279
1.34631	11.9932
1.34623	14.6269
1.34615	13.2691
1.34607	12.5242
1.34599	12.3946
1.34591	11.7661
1.34583	12.7408
1.34575	12.2024
1.34567	12.7198
1.34559	10.6866
1.34551	11.9925
1.34543	10.4079
1.34535	11.6534
1.34527	10.6695
1.34519	11.0872
1.34511	9.31112
1.34503	9.59997
1.34495	9.6308
1.34487	10.4019
1.34479	10.2003
1.34471	10.3674
1.34463	9.27244
1.34455	9.87334
1.34447	8.78804
1.34439	9.08075
1.34431	8.48328
1.34423	8.82001
1.34415	8.0471
1.34407	9.78465
1.34399	8.81739
1.34391	9.27151
1.34383	9.53708
1.34375	10.609
1.34368	9.64426
1.3436	9.61972
1.34352	9.10998
1.34344	11.1413
1.34336	12.0462
1.34328	12.7432
1.3432	11.9332
1.34312	14.2382
1.34304	13.9213
1.34296	15.0013
1.34288	14.9617
1.3428	13.7276
1.34272	13.9639
1.34264	13.1332
1.34256	14.1975
1.34248	14.2626
1.3424	13.2582
1.34232	15.9591
1.34224	17.6712
1.34216	17.7938
1.34208	13.1222
1.342	14.2919
1.34192	14.2299
1.34184	12.7568
1.34176	13.6755
1.34169	12.5887
1.34161	13.8046
1.34153	12.3494
1.34145	11.9867
1.34137	16.6114
1.34129	13.4931
1.34121	14.1409
1.34113	12.3339
1.34105	10.5373
1.34097	10.9183
1.34089	10.8439
1.34081	11.7694
1.34073	11.6816
1.34065	10.8042
1.34057	11.0227
1.34049	11.5777
1.34041	9.02928
1.34034	9.76057
1.34026	10.1673
1.34018	10.7272
1.3401	9.96217
1.34002	10.757
1.33994	10.3129
1.33986	8.53611
1.33978	8.47654
1.3397	8.60902
1.33962	9.09557
1.33954	7.31338
1.33946	9.34846
1.33938	8.8382
1.33931	8.18165
1.33923	8.99365
1.33915	6.8225
1.33907	8.19102
1.33899	8.70807
1.33891	9.17349
1.33883	9.44299
1.33875	7.72557
1.33867	8.67503
1.33859	10.0967
1.33851	10.0528
1.33843	9.67598
1.33836	8.939
1.33828	9.24305
1.3382	11.5653
1.33812	10.1887
1.33804	11.3228
1.33796	12.7103
1.33788	12.8859
1.3378	12.8408
1.33772	12.029
1.33764	13.504
1.33757	11.7323
1.33749	11.9684
1.33741	13.4536
1.33733	13.0354
1.33725	14.553
1.33717	16.613
1.33709	16.4552
1.33701	16.721
1.33693	16.674
1.33685	13.6303
1.33678	13.521
1.3367	14.8846
1.33662	15.6737
1.33654	17.3918
1.33646	17.0824
1.33638	15.0311
1.3363	20.0616
1.33622	16.3963
1.33615	19.5414
1.33607	17.5261
1.33599	18.0404
1.33591	15.6733
1.33583	18.8682
1.33575	17.3272
1.33567	16.6708
1.33559	14.7802
1.33552	16.4379
1.33544	17.344
1.33536	16.5435
1.33528	13.4944
1.3352	16.3247
1.33512	13.7617
1.33504	14.0255
1.33496	12.6606
1.33489	10.5654
1.33481	12.6169
1.33473	14.4966
1.33465	13.9268
1.33457	12.9475
1.33449	11.9268
1.33441	11.7705
1.33434	12.2539
1.33426	11.4449
1.33418	11.084
1.3341	9.19229
1.33402	12.2462
1.33394	10.2941
1.33386	11.2386
1.33379	10.77
1.33371	10.0752
1.33363	10.5589
1.33355	8.89801
1.33347	8.86073
1.33339	8.48401
1.33331	7.2086
1.33324	9.26875
1.33316	8.25843
1.33308	8.6546
1.333	8.73556
1.33292	8.97026
1.33284	10.9732
1.33277	10.4176
1.33269	9.53272
1.33261	9.45638
1.33253	10.2911
1.33245	10.2298
1.33237	12.8688
1.3323	12.1919
1.33222	12.3829
1.33214	13.3683
1.33206	15.0331
1.33198	15.5129
1.3319	15.644
1.33183	16.6566
1.33175	15.2592
1.33167	17.3545
1.33159	16.1473
1.33151	15.6895
1.33143	14.429
1.33136	14.2223
1.33128	16.7039
1.3312	17.7855
1.33112	16.924
1.33104	14.855
1.33097	11.8237
1.33089	13.5304
1.33081	12.314
1.33073	11.4278
1.33065	11.8882
1.33057	10.0163
1.3305	13.7654
1.33042	10.7027
1.33034	12.3457
1.33026	10.4676
1.33018	9.47177
1.33011	10.3788
1.33003	9.69133
1.32995	8.00585
1.32987	8.07951
1.32979	9.67303
1.32972	10.5474
1.32964	10.1692
1.32956	10.9896
1.32948	11.07
1.3294	12.4237
1.32933	11.0908
1.32925	10.3903
1.32917	10.7172
1.32909	10.1307
1.32901	10.319
1.32894	8.61364
1.32886	11.1716
1.32878	11.3316
1.3287	10.984
1.32862	11.1771
1.32855	12.8791
1.32847	12.0596
1.32839	11.9969
1.32831	10.3727
1.32824	13.5375
1.32816	10.5551
1.32808	11.4697
1.328	13.2248
1.32792	11.279
1.32785	13.5284
1.32777	13.4378
1.32769	15.3968
1.32761	14.3999
1.32754	14.5684
1.32746	11.5076
1.32738	14.4599
1.3273	13.4889
1.32722	13.4576
1.32715	13.5861
1.32707	14.2997
1.32699	13.3699
1.32691	15.2848
1.32684	14.2336
1.32676	13.821
1.32668	13.7888
1.3266	12.7961
1.32653	12.206
1.32645	13.605
1.32637	13.8701
1.32629	14.846
1.32621	14.9266
1.32614	14.9701
1.32606	15.7592
1.32598	14.4916
1.3259	11.3042
1.32583	13.8322
1.32575	11.3253
1.32567	13.4701
1.32559	13.0946
1.32552	12.4071
1.32544	13.2673
1.32536	14.0021
1.32528	13.337
1.32521	14.2005
1.32513	15.8221
1.32505	15.1122
1.32497	13.6052
1.3249	9.9113
1.32482	13.4834
1.32474	13.3645
1.32466	12.249
1.32459	12.4386
1.32451	14.1602
1.32443	14.3245
1.32436	12.3915
1.32428	13.0024
1.3242	11.6619
1.32412	13.3293
1.32405	13.3583
1.32397	11.182
1.32389	12.8407
1.32381	11.2861
1.32374	13.6506
1.32366	14.6807
1.32358	13.6967
1.3235	12.9617
1.32343	12.8964
1.32335	12.7621
1.32327	11.3663
1.3232	13.3717
1.32312	11.3952
1.32304	13.4727
1.32296	14.2594
1.32289	15.0386
1.32281	15.1156
1.32273	12.9031
1.32266	11.8886
1.32258	14.1677
1.3225	14.4466
1.32242	15.9902
1.32235	14.0067
1.32227	13.7305
1.32219	11.466
1.32212	15.4319
1.32204	12.4927
1.32196	13.2084
1.32188	14.51
1.32181	15.0737
1.32173	14.3152
1.32165	11.724
1.32158	11.6096
1.3215	13.0393
1.32142	13.4381
1.32135	14.2485
1.32127	13.7133
1.32119	15.017
1.32111	12.2838
1.32104	12.1943
1.32096	13.1526
1.32088	12.9883
1.32081	12.519
1.32073	12.4682
1.32065	11.5601
1.32058	12.5465
1.3205	12.3255
1.32042	12.0502
1.32034	11.1456
1.32027	15.4633
1.32019	13.8388
1.32011	13.6243
1.32004	14.2457
1.31996	12.3917
1.31988	13.8209
1.31981	12.5119
1.31973	10.9714
1.31965	13.322
1.31958	12.065
1.3195	12.8783
1.31942	11.3484
1.31935	11.2357
1.31927	14.0271
1.31919	14.0302
1.31912	10.975
1.31904	12.1083
1.31896	12.9973
1.31889	10.678
1.31881	12.3306
1.31873	13.6579
1.31866	12.5643
1.31858	12.4192
1.3185	11.8419
1.31843	12.0879
1.31835	13.964
1.31827	12.6719
1.3182	12.371
1.31812	11.8904
1.31804	13.072
1.31797	13.9476
1.31789	14.2174
1.31781	14.1058
1.31774	12.3409
1.31766	14.5822
1.31758	12.4878
1.31751	12.2654
1.31743	11.2794
1.31735	12.8984
1.31728	12.5055
1.3172	11.123
1.31712	12.5068
1.31705	12.4321
1.31697	12.7883
1.31689	14.6557
1.31682	14.0803
1.31674	14.6326
1.31667	14.6473
1.31659	13.7252
1.31651	15.288
1.31644	13.0098
1.31636	16.7369
1.31628	13.2687
1.31621	14.5881
1.31613	15.9772
1.31605	12.8393
1.31598	16.0405
1.3159	14.4258
1.31583	14.6967
1.31575	10.319
1.31567	13.7369
1.3156	13.9179
1.31552	14.2081
1.31544	11.6383
1.31537	12.9641
1.31529	13.8914
1.31521	15.3906
1.31514	15.2134
1.31506	12.832
1.31499	13.8555
1.31491	12.9052
1.31483	12.8583
1.31476	12.4756
1.31468	12.9614
1.3146	13.6385
1.31453	14.0755
1.31445	13.8299
1.31438	14.1239
1.3143	14.1366
1.31422	15.5815
1.31415	15.8473
1.31407	15.7628
1.314	15.9001
1.31392	16.4238
1.31384	16.128
1.31377	17.158
1.31369	16.9193
1.31362	17.2952
1.31354	14.7443
1.31346	16.595
1.31339	18.7109
1.31331	18.2528
1.31323	18.1664
1.31316	16.3044
1.31308	18.4989
1.31301	12.8511
1.31293	15.4891
1.31286	16.0009
1.31278	15.3549
1.3127	18.2164
1.31263	17.4457
1.31255	16.5028
1.31248	17.8587
1.3124	18.4617
1.31232	15.0547
1.31225	13.808
1.31217	15.8334
1.3121	13.1009
1.31202	14.5862
1.31194	15.664
1.31187	14.4377
1.31179	14.8597
1.31172	12.7509
1.31164	14.1281
1.31156	13.8582
1.31149	13.7136
1.31141	11.9645
1.31134	12.7148
1.31126	13.4074
1.31119	13.6385
1.31111	11.6724
1.31103	12.2735
1.31096	12.8533
1.31088	11.9838
1.31081	11.9772
1.31073	12.7869
1.31066	12.4255
1.31058	10.8455
1.3105	10.6643
1.31043	11.2008
1.31035	10.6501
1.31028	12.7125
1.3102	11.676
1.31013	12.4474
1.31005	11.6937
1.30997	11.6894
1.3099	11.64
1.30982	10.4154
1.30975	10.974
1.30967	11.4907
1.3096	11.6428
1.30952	12.2956
1.30945	10.9759
1.30937	11.7331
1.30929	13.2104
1.30922	12.0776
1.30914	11.943
1.30907	11.6723
1.30899	11.5175
1.30892	11.4702
1.30884	12.7651
1.30877	10.8104
1.30869	11.2478
1.30861	12.2067
1.30854	12.7727
1.30846	13.0832
1.30839	10.823
1.30831	12.3587
1.30824	12.415
1.30816	13.517
1.30809	10.3275
1.30801	12.3262
1.30794	12.1556
1.30786	11.0551
1.30778	10.5222
1.30771	12.1745
1.30763	12.3214
1.30756	11.2793
1.30748	11.9414
1.30741	13.634
1.30733	13.8857
1.30726	11.0004
1.30718	13.3234
1.30711	11.7768
1.30703	12.0017
1.30696	14.8933
1.30688	12.2001
1.30681	13.7607
1.30673	15.3956
1.30666	12.8789
1.30658	13.8618
1.3065	13.4539
1.30643	13.5208
1.30635	12.532
1.30628	10.4655
1.3062	14.6105
1.30613	14.1662
1.30605	14.9423
1.30598	13.7272
1.3059	13.0787
1.30583	15.4814
1.30575	15.3806
1.30568	16.5277
1.3056	15.0621
1.30553	15.4847
1.30545	14.7723
1.30538	16.2348
1.3053	13.6572
1.30523	16.5281
1.30515	17.0803
1.30508	15.428
1.305	19.6225
1.30493	18.6102
1.30485	17.9914
1.30478	18.9436
1.3047	19.2389
1.30463	20.4348
1.30455	20.4125
1.30448	20.0369
1.3044	19.9073
1.30433	17.7197
1.30425	19.6363
1.30418	17.9153
1.3041	20.4145
1.30403	22.3845
1.30395	20.1635
1.30388	18.055
1.3038	18.1707
1.30373	23.4604
1.30365	20.1834
1.30358	23.1445
1.3035	19.6621
1.30343	23.9911
1.30335	20.5209
1.30328	19.631
1.3032	21.584
1.30313	19.4026
1.30305	20.331
1.30298	20.2682
1.3029	15.7539
1.30283	17.7618
1.30276	17.078
1.30268	16.5344
1.30261	16.6845
1.30253	15.3649
1.30246	16.3993
1.30238	13.6673
1.30231	15.7767
1.30223	15.8804
1.30216	11.9923
1.30208	12.726
1.30201	11.4527
1.30193	12.1644
1.30186	12.6282
1.30178	12.3996
1.30171	11.3736
1.30163	11.4353
1.30156	9.98676
1.30149	12.6401
1.30141	11.6994
1.30134	10.1729
1.30126	9.1812
1.30119	11.2872
1.30111	8.72313
1.30104	10.1465
1.30096	11.3965
1.30089	12.2502
1.30081	11.3097
1.30074	11.4804
1.30067	13.414
1.30059	14.2559
1.30052	11.8567
1.30044	14.34
1.30037	12.2754
1.30029	12.7843
1.30022	13.9353
1.30014	13.3452
1.30007	12.6315
